日期,股票代码,开盘,收盘,最高,最低,成交量,成交额,振幅,涨跌幅,涨跌额,换手率
2021-01-28,3036,6.02,7.4,7.4,6.02,5922,4855417.0,28.28,51.64,2.52,1.1
2021-01-29,3036,8.22,8.22,8.22,8.22,2228,2018241.0,0.0,11.08,0.82,0.41
2021-02-01,3036,9.13,9.13,9.13,9.13,1567,1562338.0,0.0,11.07,0.91,0.29
2021-02-02,3036,10.13,10.13,10.13,10.13,1383,1517403.0,0.0,10.95,1.0,0.26
2021-02-03,3036,11.23,11.23,11.23,11.23,3690,4453866.0,0.0,10.86,1.1,0.68
2021-02-04,3036,12.44,12.44,12.44,12.44,5298,7035425.0,0.0,10.77,1.21,0.98
2021-02-05,3036,13.77,13.77,13.77,13.77,3316,4844091.0,0.0,10.69,1.33,0.61
2021-02-08,3036,15.23,12.31,15.23,12.31,72477,105654509.0,21.21,-10.6,-1.46,13.42
2021-02-09,3036,11.28,11.79,12.16,11.0,275771,338216224.0,9.42,-4.22,-0.52,51.07
2021-02-10,3036,11.0,10.53,11.1,10.53,107208,123012740.0,4.83,-10.69,-1.26,19.85
2021-02-18,3036,9.96,10.3,10.64,9.73,164471,180893652.0,8.64,-2.18,-0.23,30.46
2021-02-19,3036,10.37,10.57,10.71,10.0,157101,176038649.0,6.89,2.62,0.27,29.09
2021-02-22,3036,10.46,10.34,10.73,10.26,138269,156824660.0,4.45,-2.18,-0.23,25.61
2021-02-23,3036,10.46,10.51,10.66,10.29,91924,103701220.0,3.58,1.64,0.17,17.02
2021-02-24,3036,10.4,10.05,10.42,9.99,96164,105429858.0,4.09,-4.38,-0.46,17.81
2021-02-25,3036,10.08,9.6,10.12,9.58,80633,85633393.0,5.37,-4.48,-0.45,14.93
2021-02-26,3036,9.39,9.56,9.76,9.34,53757,55873256.0,4.38,-0.42,-0.04,9.95
2021-03-01,3036,9.61,9.76,9.83,9.5,55258,57984124.0,3.45,2.09,0.2,10.23
2021-03-02,3036,9.76,9.52,9.8,9.46,49629,51781403.0,3.48,-2.46,-0.24,9.19
2021-03-03,3036,9.44,9.58,9.59,9.44,35789,37076648.0,1.58,0.63,0.06,6.63
2021-03-04,3036,9.52,9.24,9.56,9.21,50336,51371519.0,3.65,-3.55,-0.34,9.32
2021-03-05,3036,9.17,9.31,9.35,9.13,35711,36079696.0,2.38,0.76,0.07,6.61
2021-03-08,3036,9.35,9.56,9.64,9.35,58609,60756457.0,3.11,2.69,0.25,10.85
2021-03-09,3036,9.36,9.26,9.51,9.15,45729,46466266.0,3.77,-3.14,-0.3,8.47
2021-03-10,3036,9.27,9.74,10.06,8.96,105721,109245282.0,11.88,5.18,0.48,19.58
2021-03-11,3036,9.5,9.61,9.67,9.46,69508,72234237.0,2.16,-1.33,-0.13,12.87
2021-03-12,3036,9.58,9.28,9.59,9.2,50140,51286304.0,4.06,-3.43,-0.33,9.29
2021-03-15,3036,9.26,9.46,9.52,9.17,46327,47387118.0,3.77,1.94,0.18,8.58
2021-03-16,3036,9.47,9.97,10.36,9.45,113853,121704105.0,9.62,5.39,0.51,21.08
2021-03-17,3036,9.76,10.22,10.52,9.64,142370,156576127.0,8.83,2.51,0.25,26.36
2021-03-18,3036,10.23,10.54,10.93,10.15,142255,160833454.0,7.63,3.13,0.32,26.34
2021-03-19,3036,10.42,11.68,11.68,10.34,159406,193562236.0,12.71,10.82,1.14,29.52
2021-03-22,3036,12.04,11.93,12.66,11.16,297947,382816464.0,12.84,2.14,0.25,55.18
2021-03-23,3036,11.61,11.98,11.98,10.65,223236,270763056.0,11.15,0.42,0.05,41.34
2021-03-24,3036,12.16,13.26,13.26,12.16,128990,178115522.0,9.18,10.68,1.28,23.89
2021-03-25,3036,14.67,11.85,14.67,11.85,240118,329071808.0,21.27,-10.63,-1.41,44.47
2021-03-26,3036,11.36,11.21,11.85,10.96,196937,239986869.0,7.51,-5.4,-0.64,36.47
2021-03-29,3036,11.32,11.45,11.66,10.73,186013,224469563.0,8.3,2.14,0.24,34.45
2021-03-30,3036,11.19,12.68,12.68,10.96,255741,340599232.0,15.02,10.74,1.23,47.36
2021-03-31,3036,12.33,14.03,14.03,12.33,269179,381621840.0,13.41,10.65,1.35,49.85
2021-04-01,3036,15.51,15.52,15.52,15.5,84028,137444459.0,0.14,10.62,1.49,15.56
2021-04-02,3036,17.16,17.16,17.16,14.23,213328,369163520.0,18.88,10.57,1.64,39.51
2021-04-06,3036,18.95,18.96,18.96,18.24,84799,166831066.0,4.2,10.49,1.8,15.7
2021-04-07,3036,20.94,20.94,20.94,20.94,12694,27647597.0,0.0,10.44,1.98,2.35
2021-04-08,3036,23.12,23.12,23.12,21.46,284673,675072848.0,7.93,10.41,2.18,52.72
2021-04-09,3036,24.36,25.52,25.52,24.26,286987,750255120.0,5.45,10.38,2.4,53.15
2021-04-12,3036,23.71,22.88,24.26,22.88,338249,814109392.0,5.41,-10.34,-2.64,62.64
2021-04-13,3036,20.96,20.51,22.38,20.51,326388,711311024.0,8.17,-10.36,-2.37,60.44
2021-04-14,3036,19.44,18.94,20.46,18.48,255963,508670112.0,9.65,-7.65,-1.57,47.4
2021-04-15,3036,18.96,18.09,19.41,17.77,225830,438936688.0,8.66,-4.49,-0.85,41.82
2021-04-16,3036,17.66,18.72,19.06,17.33,245794,469069616.0,9.56,3.48,0.63,45.52
2021-04-19,3036,18.02,20.68,20.68,17.79,261158,531031568.0,15.44,10.47,1.96,48.36
2021-04-20,3036,20.81,22.83,22.83,20.81,340994,782381648.0,9.77,10.4,2.15,63.15
2021-04-21,3036,23.65,20.46,24.34,20.46,328481,758456048.0,17.0,-10.38,-2.37,60.83
2021-04-22,3036,18.45,18.39,19.79,18.33,274558,534309504.0,7.14,-10.12,-2.07,50.84
2021-04-23,3036,18.64,17.05,18.64,16.74,194507,355184912.0,10.33,-7.29,-1.34,36.02
2021-04-26,3036,16.62,16.27,16.88,16.16,142863,246179256.0,4.22,-4.57,-0.78,26.46
2021-04-27,3036,16.07,15.28,16.26,15.07,143783,235034842.0,7.31,-6.08,-0.99,26.63
2021-04-28,3036,15.28,15.61,15.94,15.16,120048,196892070.0,5.1,2.16,0.33,22.23
2021-04-29,3036,15.46,14.92,15.46,14.81,121166,192689109.0,4.16,-4.42,-0.69,22.44
2021-04-30,3036,14.92,14.96,15.3,14.26,127501,198556362.0,6.97,0.27,0.04,23.61
2021-05-06,3036,14.87,15.61,15.74,14.41,111408,175177792.0,8.89,4.34,0.65,20.63
2021-05-07,3036,15.16,15.5,15.96,15.06,134197,218873793.0,5.77,-0.7,-0.11,24.85
2021-05-10,3036,15.5,15.85,16.09,14.88,119770,196262258.0,7.81,2.26,0.35,22.18
2021-05-11,3036,15.54,15.82,16.55,15.47,136651,231118017.0,6.81,-0.19,-0.03,25.31
2021-05-12,3036,15.57,15.03,15.59,14.81,113614,180546761.0,4.93,-4.99,-0.79,21.04
2021-05-13,3036,14.98,15.06,15.52,14.56,97637,154583257.0,6.39,0.2,0.03,18.08
2021-05-14,3036,14.86,14.98,15.27,14.78,76656,121575645.0,3.25,-0.53,-0.08,14.2
2021-05-17,3036,14.71,14.37,14.86,14.31,72919,111771767.0,3.67,-4.07,-0.61,13.5
2021-05-18,3036,14.48,14.73,15.03,14.31,70920,109713163.0,5.01,2.51,0.36,13.13
2021-05-19,3036,14.77,14.95,15.03,14.53,75441,118102620.0,3.39,1.49,0.22,13.97
2021-05-20,3036,14.93,14.52,14.93,14.48,63294,97636328.0,3.01,-2.88,-0.43,11.72
2021-05-21,3036,14.52,15.14,15.34,14.38,115684,183294985.0,6.61,4.27,0.62,21.42
2021-05-24,3036,14.98,14.74,15.44,14.66,101962,162077207.0,5.15,-2.64,-0.4,18.88
2021-05-25,3036,14.73,16.3,16.3,14.41,150213,245591590.0,12.82,10.58,1.56,27.82
2021-05-26,3036,17.14,18.01,18.01,16.71,284855,516239232.0,7.98,10.49,1.71,52.75
2021-05-27,3036,17.17,18.76,19.73,17.11,266646,512023456.0,14.55,4.16,0.75,49.38
2021-05-28,3036,18.21,17.42,18.6,17.4,184062,343208656.0,6.4,-7.14,-1.34,34.09
2021-05-31,3036,17.24,17.8,18.04,17.08,141093,258730584.0,5.51,2.18,0.38,26.13
2021-06-01,3036,17.66,18.22,19.29,17.24,183887,350324320.0,11.52,2.36,0.42,34.05
2021-06-02,3036,17.91,18.05,18.44,17.49,133020,248888858.0,5.21,-0.93,-0.17,24.63
2021-06-03,3036,18.21,17.41,18.48,17.4,88306,163263210.0,5.98,-3.55,-0.64,16.35
2021-06-04,3036,17.26,17.57,17.85,16.73,103777,189072891.0,6.43,0.92,0.16,19.22
2021-06-07,3036,17.44,16.84,17.49,16.77,92541,165224984.0,4.1,-4.15,-0.73,17.14
2021-06-08,3036,17.03,16.53,17.1,16.46,64656,112773685.0,3.8,-1.84,-0.31,11.97
2021-06-09,3036,16.53,16.6,16.97,16.41,62132,108362615.0,3.39,0.42,0.07,11.51
2021-06-10,3036,16.6,16.81,16.91,16.05,76226,131863826.0,5.18,1.27,0.21,14.12
2021-06-11,3036,16.83,16.24,17.1,16.22,68166,118670025.0,5.23,-3.39,-0.57,12.62
2021-06-15,3036,16.24,14.56,16.24,14.54,106621,168275077.0,10.47,-10.34,-1.68,19.74
2021-06-16,3036,14.42,14.87,15.32,14.3,70372,110140237.0,7.01,2.13,0.31,13.03
2021-06-17,3036,14.59,14.61,14.98,14.51,47967,74204826.0,3.16,-1.75,-0.26,8.88
2021-06-18,3036,14.76,15.21,15.52,14.37,68851,109335604.0,7.87,4.11,0.6,12.75
2021-06-21,3036,15.07,15.18,15.35,15.02,44333,70833193.0,2.17,-0.2,-0.03,8.21
2021-06-22,3036,15.2,15.14,15.31,14.88,44940,71199852.0,2.83,-0.26,-0.04,8.32
2021-06-23,3036,15.14,14.92,15.15,14.88,30690,48280419.0,1.78,-1.45,-0.22,5.68
2021-06-24,3036,14.92,14.5,14.98,14.47,40974,63104771.0,3.42,-2.82,-0.42,7.59
2021-06-25,3036,14.52,14.61,14.78,14.43,31638,48742811.0,2.41,0.76,0.11,5.86
2021-06-28,3036,14.55,15.47,16.12,14.36,100177,161434907.0,12.05,5.89,0.86,18.55
2021-06-29,3036,15.21,14.88,15.27,14.82,57380,90538608.0,2.91,-3.81,-0.59,10.63
2021-06-30,3036,14.81,14.62,14.91,14.54,31615,48839954.0,2.49,-1.75,-0.26,5.85
2021-07-01,3036,14.53,14.59,14.99,14.42,37765,58451834.0,3.9,-0.21,-0.03,6.99
2021-07-02,3036,14.6,13.68,14.69,13.53,57032,85079853.0,7.95,-6.24,-0.91,10.56
2021-07-05,3036,13.54,13.28,13.65,13.0,55436,77927116.0,4.75,-2.92,-0.4,10.27
2021-07-06,3036,13.43,13.44,13.55,13.24,33174,46976098.0,2.33,1.2,0.16,6.14
2021-07-07,3036,13.4,13.55,13.81,13.09,30563,43862296.0,5.36,0.82,0.11,5.66
2021-07-08,3036,13.62,13.32,13.62,13.24,31798,45020085.0,2.8,-1.7,-0.23,5.89
2021-07-09,3036,13.3,13.4,13.51,13.12,25732,36366172.0,2.93,0.6,0.08,4.77
2021-07-12,3036,13.4,13.52,13.71,13.4,26881,38583948.0,2.31,0.9,0.12,4.98
2021-07-13,3036,13.43,13.7,13.96,13.26,48578,69919109.0,5.18,1.33,0.18,9.0
2021-07-14,3036,13.61,14.18,14.45,13.51,75073,111959300.0,6.86,3.5,0.48,13.9
2021-07-15,3036,14.18,13.6,14.18,13.53,44042,63705384.0,4.58,-4.09,-0.58,8.16
2021-07-16,3036,13.53,13.33,13.53,13.31,29479,41719645.0,1.62,-1.99,-0.27,5.46
2021-07-19,3036,13.33,13.03,13.39,13.01,23714,32949495.0,2.85,-2.25,-0.3,4.39
2021-07-20,3036,13.1,12.76,13.1,12.54,28414,38341018.0,4.3,-2.07,-0.27,5.26
2021-07-21,3036,12.76,12.93,13.19,12.76,24933,34347137.0,3.37,1.33,0.17,4.62
2021-07-22,3036,12.81,12.95,13.07,12.81,19510,26815739.0,2.01,0.15,0.02,3.61
2021-07-23,3036,12.96,12.39,13.03,12.36,37005,49430645.0,5.17,-4.32,-0.56,6.85
2021-07-26,3036,12.36,12.0,12.38,11.66,38676,49265962.0,5.81,-3.15,-0.39,7.16
2021-07-27,3036,12.0,12.24,12.73,11.88,36063,46897892.0,7.08,2.0,0.24,6.68
2021-07-28,3036,11.87,11.53,11.99,11.22,27306,33853681.0,6.29,-5.8,-0.71,5.06
2021-07-29,3036,11.52,11.57,12.0,11.52,17212,21443431.0,4.16,0.35,0.04,3.19
2021-07-30,3036,11.56,11.81,11.92,11.39,28782,35937685.0,4.58,2.07,0.24,5.33
2021-08-02,3036,11.8,12.38,12.46,11.73,41157,53585023.0,6.18,4.83,0.57,7.62
2021-08-03,3036,12.33,12.54,12.71,12.29,36023,48142152.0,3.39,1.29,0.16,6.67
2021-08-04,3036,12.28,13.12,13.19,12.28,45074,61835782.0,7.26,4.63,0.58,8.35
2021-08-05,3036,13.05,13.28,14.19,12.82,77147,110364744.0,10.44,1.22,0.16,14.29
2021-08-06,3036,13.34,12.89,13.46,12.73,46356,63866257.0,5.5,-2.94,-0.39,8.58
2021-08-09,3036,12.82,12.86,13.05,12.65,26120,35568363.0,3.1,-0.23,-0.03,4.84
2021-08-10,3036,12.87,12.93,13.09,12.81,25098,34468120.0,2.18,0.54,0.07,4.65
2021-08-11,3036,12.91,13.18,13.4,12.74,29967,41289937.0,5.1,1.93,0.25,5.55
2021-08-12,3036,13.16,12.77,13.16,12.77,22014,30102742.0,2.96,-3.11,-0.41,4.08
2021-08-13,3036,12.86,12.89,12.99,12.54,26396,35799168.0,3.52,0.94,0.12,4.89
2021-08-16,3036,12.82,13.33,13.6,12.75,48166,67734575.0,6.59,3.41,0.44,8.92
2021-08-17,3036,13.41,12.73,13.58,12.71,42718,59153420.0,6.53,-4.5,-0.6,7.91
2021-08-18,3036,12.72,14.08,14.08,12.57,57983,82778209.0,11.86,10.6,1.35,10.74
2021-08-19,3036,14.43,13.35,14.5,13.23,111106,162051897.0,9.02,-5.18,-0.73,20.58
2021-08-20,3036,13.21,12.64,13.24,12.51,51965,70320175.0,5.47,-5.32,-0.71,9.62
2021-08-23,3036,12.66,13.02,13.52,12.66,43289,60003328.0,6.8,3.01,0.38,8.02
2021-08-24,3036,13.23,13.82,13.98,12.94,92109,131980865.0,7.99,6.14,0.8,17.06
2021-08-25,3036,13.83,13.57,13.87,13.44,58392,84172270.0,3.11,-1.81,-0.25,10.81
2021-08-26,3036,13.76,13.33,13.76,13.31,39555,56491054.0,3.32,-1.77,-0.24,7.33
2021-08-27,3036,13.33,13.02,13.42,13.01,35721,49597952.0,3.08,-2.33,-0.31,6.62
2021-08-30,3036,13.11,12.91,13.11,12.71,30356,41337327.0,3.07,-0.84,-0.11,5.62
2021-08-31,3036,12.75,12.8,13.0,12.72,20183,27479476.0,2.17,-0.85,-0.11,3.74
2021-09-01,3036,12.8,12.39,12.86,11.91,47966,62645578.0,7.42,-3.2,-0.41,8.88
2021-09-02,3036,12.28,12.37,12.44,12.13,17060,22358752.0,2.5,-0.16,-0.02,3.16
2021-09-03,3036,12.37,12.26,12.58,12.2,25315,33241471.0,3.07,-0.89,-0.11,4.69
2021-09-06,3036,12.21,12.41,12.46,12.16,19663,25766531.0,2.45,1.22,0.15,3.64
2021-09-07,3036,12.23,12.44,12.56,12.23,15020,19896082.0,2.66,0.24,0.03,2.78
2021-09-08,3036,12.43,12.66,12.76,12.38,23452,31471496.0,3.05,1.77,0.22,4.34
2021-09-09,3036,12.61,12.5,12.66,12.37,22614,30072239.0,2.29,-1.26,-0.16,4.19
2021-09-10,3036,12.43,12.29,12.52,12.18,20121,26324391.0,2.72,-1.68,-0.21,3.73
2021-09-13,3036,12.28,12.14,12.28,12.02,15453,19950518.0,2.12,-1.22,-0.15,2.86
2021-09-14,3036,12.06,12.1,12.35,12.06,13970,18123003.0,2.39,-0.33,-0.04,2.59
2021-09-15,3036,11.96,12.09,12.21,11.96,12667,16272328.0,2.07,-0.08,-0.01,2.35
2021-09-16,3036,12.23,11.77,12.23,11.76,15753,20045888.0,3.89,-2.65,-0.32,2.92
2021-09-17,3036,11.84,11.96,11.96,11.33,18743,23279042.0,5.35,1.61,0.19,3.47
2021-09-22,3036,11.62,11.77,11.88,11.62,9263,11637742.0,2.17,-1.59,-0.19,1.72
2021-09-23,3036,11.78,11.79,11.94,11.74,10244,12909468.0,1.7,0.17,0.02,1.9
2021-09-24,3036,11.79,11.56,11.81,11.53,9555,11874910.0,2.37,-1.95,-0.23,1.77
2021-09-27,3036,11.55,11.44,11.7,11.35,11232,13793416.0,3.03,-1.04,-0.12,2.08
2021-09-28,3036,11.5,11.48,11.56,11.32,9449,11530778.0,2.1,0.35,0.04,1.75
2021-09-29,3036,11.39,11.05,11.4,10.95,12897,15414250.0,3.92,-3.75,-0.43,2.39
2021-09-30,3036,11.06,11.16,11.31,11.06,6761,8097377.0,2.26,1.0,0.11,1.25
2021-10-08,3036,11.23,11.37,11.44,11.23,7748,9406799.0,1.88,1.88,0.21,1.43
2021-10-11,3036,11.41,11.46,11.62,11.3,9637,11842105.0,2.81,0.79,0.09,1.78
2021-10-12,3036,11.51,11.23,11.51,11.21,8304,10033227.0,2.62,-2.01,-0.23,1.54
2021-10-13,3036,11.23,12.0,12.43,11.23,40511,51765355.0,10.69,6.86,0.77,7.5
2021-10-14,3036,11.7,11.74,11.81,11.51,31210,38823556.0,2.5,-2.17,-0.26,5.78
2021-10-15,3036,11.72,11.4,11.74,11.38,15378,18950614.0,3.07,-2.9,-0.34,2.85
2021-10-18,3036,11.39,11.53,11.62,11.22,12962,15821559.0,3.51,1.14,0.13,2.4
2021-10-19,3036,11.48,11.42,11.53,11.34,7947,9697099.0,1.65,-0.95,-0.11,1.47
2021-10-20,3036,11.33,11.41,11.51,11.28,8847,10732380.0,2.01,-0.09,-0.01,1.64
2021-10-21,3036,11.43,11.27,11.43,11.25,8153,9862760.0,1.58,-1.23,-0.14,1.51
2021-10-22,3036,11.27,11.08,11.27,11.07,10163,12137709.0,1.77,-1.69,-0.19,1.88
2021-10-25,3036,11.01,11.16,11.18,10.98,6040,7195757.0,1.81,0.72,0.08,1.12
2021-10-26,3036,11.15,10.99,11.16,10.99,6749,7997267.0,1.52,-1.52,-0.17,1.25
2021-10-27,3036,11.11,10.7,11.11,10.6,13235,15252174.0,4.64,-2.64,-0.29,2.45
2021-10-28,3036,10.7,10.1,10.7,10.07,15046,16539688.0,5.89,-5.61,-0.6,2.79
2021-10-29,3036,10.09,10.31,10.36,9.87,9996,10925994.0,4.85,2.08,0.21,1.85
2021-11-01,3036,10.22,10.29,10.4,10.21,6371,7081034.0,1.84,-0.19,-0.02,1.18
2021-11-02,3036,10.32,10.16,10.5,10.09,10634,11783368.0,3.98,-1.26,-0.13,1.97
2021-11-03,3036,10.16,10.25,10.28,10.06,7109,7805644.0,2.17,0.89,0.09,1.32
2021-11-04,3036,10.25,10.9,11.35,10.17,32370,37716255.0,11.51,6.34,0.65,5.99
2021-11-05,3036,10.83,10.5,10.89,10.46,19337,22015370.0,3.94,-3.67,-0.4,3.58
2021-11-08,3036,10.56,10.62,10.81,10.46,12011,13717407.0,3.33,1.14,0.12,2.22
2021-11-09,3036,10.56,10.75,10.83,10.56,14146,16274391.0,2.54,1.22,0.13,2.62
2021-11-10,3036,10.74,10.76,10.8,10.55,9459,10849923.0,2.33,0.09,0.01,1.75
2021-11-11,3036,10.7,10.91,10.94,10.7,11803,13762888.0,2.23,1.39,0.15,2.19
2021-11-12,3036,10.88,10.96,11.01,10.75,9967,11633605.0,2.38,0.46,0.05,1.85
2021-11-15,3036,10.94,11.19,11.26,10.9,14217,16943339.0,3.28,2.1,0.23,2.63
2021-11-16,3036,11.16,11.33,11.45,11.06,18032,21761506.0,3.49,1.25,0.14,3.34
2021-11-17,3036,11.34,11.29,11.38,11.19,11362,13682081.0,1.68,-0.35,-0.04,2.1
2021-11-18,3036,11.35,11.02,11.35,11.02,13343,15991305.0,2.92,-2.39,-0.27,2.47
2021-11-19,3036,11.19,11.33,11.41,10.9,17623,21242990.0,4.63,2.81,0.31,3.26
2021-11-22,3036,11.39,11.43,11.56,11.29,12912,15774131.0,2.38,0.88,0.1,2.39
2021-11-23,3036,11.46,11.5,11.57,11.4,10376,12735606.0,1.49,0.61,0.07,1.92
2021-11-24,3036,11.51,11.65,11.71,11.33,20299,25063865.0,3.3,1.3,0.15,3.76
2021-11-25,3036,11.64,11.64,11.8,11.48,13627,16920600.0,2.75,-0.09,-0.01,2.52
2021-11-26,3036,11.54,11.46,11.66,11.4,11682,14310215.0,2.23,-1.55,-0.18,2.16
2021-11-29,3036,11.33,11.31,11.37,11.16,12282,14811603.0,1.83,-1.31,-0.15,2.27
2021-11-30,3036,11.47,11.61,11.81,11.39,19363,24099780.0,3.71,2.65,0.3,3.59
2021-12-01,3036,11.47,11.74,11.8,11.47,14565,18215294.0,2.84,1.12,0.13,2.7
2021-12-02,3036,11.74,11.52,11.81,11.49,10459,12947283.0,2.73,-1.87,-0.22,1.94
2021-12-03,3036,11.53,11.38,11.61,11.35,8222,10041781.0,2.26,-1.22,-0.14,1.52
2021-12-06,3036,11.39,11.08,11.51,11.03,11561,13828999.0,4.22,-2.64,-0.3,2.14
2021-12-07,3036,11.03,10.99,11.21,10.91,9872,11653985.0,2.71,-0.81,-0.09,1.83
2021-12-08,3036,10.96,11.05,11.2,10.95,7446,8827856.0,2.27,0.55,0.06,1.38
2021-12-09,3036,11.2,11.1,11.2,10.98,8531,10144783.0,1.99,0.45,0.05,1.58
2021-12-10,3036,11.17,11.21,11.36,11.1,9986,11977965.0,2.34,0.99,0.11,1.85
2021-12-13,3036,11.21,11.12,11.29,11.06,11422,13615330.0,2.05,-0.8,-0.09,2.12
2021-12-14,3036,11.55,12.31,12.31,11.37,56665,73599781.0,8.45,10.7,1.19,10.49
2021-12-15,3036,12.66,12.98,13.62,12.53,178068,248552635.0,8.85,5.44,0.67,32.98
2021-12-16,3036,12.41,13.31,14.07,12.41,143637,198504609.0,12.79,2.54,0.33,26.6
2021-12-17,3036,12.74,12.81,13.27,12.74,86795,118891245.0,3.98,-3.76,-0.5,16.07
2021-12-20,3036,12.81,12.55,13.16,12.41,56825,76547090.0,5.85,-2.03,-0.26,10.52
2021-12-21,3036,12.63,12.79,12.8,12.34,53192,70887911.0,3.67,1.91,0.24,9.85
2021-12-22,3036,13.41,12.56,13.41,12.49,53226,72002264.0,7.19,-1.8,-0.23,9.86
2021-12-23,3036,12.71,12.37,12.71,12.33,33425,44224363.0,3.03,-1.51,-0.19,6.19
2021-12-24,3036,12.3,11.87,12.57,11.87,37611,48334262.0,5.66,-4.04,-0.5,6.97
2021-12-27,3036,11.79,11.99,12.14,11.55,24433,30897895.0,4.97,1.01,0.12,4.52
2021-12-28,3036,12.43,12.06,12.43,12.03,28135,36452220.0,3.34,0.58,0.07,5.21
2021-12-29,3036,12.06,12.22,12.35,11.83,25233,32625300.0,4.31,1.33,0.16,4.67
2021-12-30,3036,12.24,12.1,12.26,12.05,17678,22816523.0,1.72,-0.98,-0.12,3.27
2021-12-31,3036,12.42,11.59,12.42,11.5,46118,58178493.0,7.6,-4.21,-0.51,8.54
2022-01-04,3036,11.61,12.06,12.13,11.51,36516,46484345.0,5.35,4.06,0.47,6.76
2022-01-05,3036,12.07,11.81,12.28,11.66,28471,36006916.0,5.14,-2.07,-0.25,5.27
2022-01-06,3036,11.71,12.45,12.66,11.71,58939,77307386.0,8.04,5.42,0.64,10.91
2022-01-07,3036,12.37,11.92,12.53,11.84,33693,43621084.0,5.54,-4.26,-0.53,6.24
2022-01-10,3036,11.91,12.02,12.09,11.62,17603,22282198.0,3.94,0.84,0.1,3.26
2022-01-11,3036,12.02,12.16,12.19,11.96,22288,28743982.0,1.91,1.16,0.14,4.13
2022-01-12,3036,12.31,12.09,12.31,12.01,17909,23101234.0,2.47,-0.58,-0.07,3.32
2022-01-13,3036,12.09,12.46,12.59,11.97,53559,70393193.0,5.13,3.06,0.37,9.92
2022-01-14,3036,12.27,11.99,12.43,11.98,33310,43242199.0,3.61,-3.77,-0.47,6.17
2022-01-17,3036,11.91,12.06,12.09,11.68,16877,21437741.0,3.42,0.58,0.07,3.13
2022-01-18,3036,12.04,11.41,12.04,11.41,36504,45242848.0,5.22,-5.39,-0.65,6.76
2022-01-19,3036,11.41,11.64,11.8,11.41,17841,22187705.0,3.42,2.02,0.23,3.3
2022-01-20,3036,11.64,11.37,11.7,11.31,20550,25083067.0,3.35,-2.32,-0.27,3.81
2022-01-21,3036,11.25,11.11,11.46,10.98,16455,19667558.0,4.22,-2.29,-0.26,3.05
2022-01-24,3036,11.06,11.09,11.18,10.94,6737,7980710.0,2.16,-0.18,-0.02,1.25
2022-01-25,3036,11.11,10.47,11.14,10.46,15573,17911037.0,6.13,-5.59,-0.62,2.88
2022-01-26,3036,10.46,10.39,10.6,10.31,8047,9048950.0,2.77,-0.76,-0.08,1.49
2022-01-27,3036,10.4,9.95,10.5,9.86,16063,17492652.0,6.16,-4.23,-0.44,2.97
2022-01-28,3036,10.15,10.47,10.56,9.95,13483,14981388.0,6.13,5.23,0.52,2.26
2022-02-07,3036,10.68,10.58,10.75,10.45,8181,9327646.0,2.87,1.05,0.11,1.37
2022-02-08,3036,10.5,10.97,11.0,10.5,12421,14463090.0,4.73,3.69,0.39,2.08
2022-02-09,3036,11.02,10.93,11.03,10.88,7896,9254142.0,1.37,-0.36,-0.04,1.32
2022-02-10,3036,11.1,10.82,11.11,10.69,8890,10336121.0,3.84,-1.01,-0.11,1.49
2022-02-11,3036,10.88,10.66,10.88,10.51,9780,11157362.0,3.42,-1.48,-0.16,1.64
2022-02-14,3036,10.65,10.65,10.81,10.52,7445,8539894.0,2.72,-0.09,-0.01,1.25
2022-02-15,3036,10.64,10.7,10.79,10.46,7514,8573774.0,3.1,0.47,0.05,1.26
2022-02-16,3036,10.7,10.98,11.06,10.69,13038,15265556.0,3.46,2.62,0.28,2.19
2022-02-17,3036,10.98,11.0,11.1,10.82,13323,15729456.0,2.55,0.18,0.02,2.23
2022-02-18,3036,10.87,11.1,11.1,10.82,8525,10049130.0,2.55,0.91,0.1,1.43
2022-02-21,3036,11.08,11.16,11.27,11.08,7476,8962450.0,1.71,0.54,0.06,1.25
2022-02-22,3036,11.09,11.0,11.18,10.92,8955,10568615.0,2.33,-1.43,-0.16,1.5
2022-02-23,3036,11.07,11.18,11.19,10.97,8231,9798227.0,2.0,1.64,0.18,1.38
2022-02-24,3036,11.07,10.89,11.23,10.68,13304,15626814.0,4.92,-2.59,-0.29,2.23
2022-02-25,3036,10.89,10.98,11.15,10.89,8264,9762274.0,2.39,0.83,0.09,1.39
2022-02-28,3036,10.92,10.86,11.07,10.62,8866,10239690.0,4.1,-1.09,-0.12,1.49
2022-03-01,3036,10.87,10.92,10.97,10.83,7736,9053613.0,1.29,0.55,0.06,1.3
2022-03-02,3036,10.91,11.13,11.13,10.88,13531,16021291.0,2.29,1.92,0.21,2.27
2022-03-03,3036,11.13,11.03,11.17,11.01,8475,10062492.0,1.44,-0.9,-0.1,1.42
2022-03-04,3036,10.99,11.17,11.21,10.92,11418,13596169.0,2.63,1.27,0.14,1.92
2022-03-07,3036,11.02,11.08,11.42,11.02,18378,22056944.0,3.58,-0.81,-0.09,3.08
2022-03-08,3036,11.08,10.49,11.28,10.4,15658,18015999.0,7.94,-5.32,-0.59,2.63
2022-03-09,3036,10.48,10.71,10.78,10.22,19318,21994140.0,5.34,2.1,0.22,3.24
2022-03-10,3036,10.77,10.61,11.08,10.54,13972,16201247.0,5.04,-0.93,-0.1,2.34
2022-03-11,3036,10.54,10.71,10.73,10.26,9477,10653900.0,4.43,0.94,0.1,1.59
2022-03-14,3036,10.52,10.25,10.7,10.24,8703,9779025.0,4.3,-4.3,-0.46,1.46
2022-03-15,3036,10.43,9.59,10.5,9.59,14306,15301182.0,8.88,-6.44,-0.66,2.4
2022-03-16,3036,9.71,10.63,10.63,9.71,24441,27279426.0,9.59,10.84,1.04,4.1
2022-03-17,3036,11.21,10.98,11.66,10.91,79235,95176340.0,7.06,3.29,0.35,13.29
2022-03-18,3036,11.1,11.03,11.3,10.97,40637,48248930.0,3.01,0.46,0.05,6.82
2022-03-21,3036,10.96,11.19,11.19,10.92,29693,35161802.0,2.45,1.45,0.16,4.98
2022-03-22,3036,11.02,11.18,11.29,11.0,20649,24625667.0,2.59,-0.09,-0.01,3.46
2022-03-23,3036,11.43,11.05,11.45,11.03,21114,25216365.0,3.76,-1.16,-0.13,3.54
2022-03-24,3036,11.03,10.94,11.17,10.87,12572,14836102.0,2.71,-1.0,-0.11,2.11
2022-03-25,3036,10.96,11.06,11.16,10.71,16487,19513847.0,4.11,1.1,0.12,2.77
2022-03-28,3036,10.98,10.86,10.98,10.72,14294,16585122.0,2.35,-1.81,-0.2,2.4
2022-03-29,3036,10.88,10.76,11.0,10.64,13420,15520539.0,3.31,-0.92,-0.1,2.25
2022-03-30,3036,10.7,10.47,10.78,10.24,21558,24099686.0,5.02,-2.7,-0.29,3.62
2022-03-31,3036,10.57,10.34,10.58,10.24,16982,18893574.0,3.25,-1.24,-0.13,2.85
2022-04-01,3036,10.41,10.26,10.41,10.16,13641,15068680.0,2.42,-0.77,-0.08,2.29
2022-04-06,3036,10.26,10.47,10.65,10.21,17769,20081162.0,4.29,2.05,0.21,2.98
2022-04-07,3036,10.51,10.26,10.61,10.26,9080,10122566.0,3.34,-2.01,-0.21,1.52
2022-04-08,3036,10.26,10.25,10.31,9.96,9194,10051652.0,3.41,-0.1,-0.01,1.54
2022-04-11,3036,10.29,9.94,10.29,9.79,10450,11277434.0,4.88,-3.02,-0.31,1.75
2022-04-12,3036,9.91,10.18,10.26,9.73,10678,11512067.0,5.33,2.41,0.24,1.79
2022-04-13,3036,10.13,9.97,10.18,9.92,6941,7510871.0,2.55,-2.06,-0.21,1.16
2022-04-14,3036,9.93,10.02,10.15,9.93,5588,6046061.0,2.21,0.5,0.05,0.94
2022-04-15,3036,10.02,9.75,10.07,9.72,9049,9614896.0,3.49,-2.69,-0.27,1.52
2022-04-18,3036,9.71,9.87,9.89,9.51,6834,7188502.0,3.9,1.23,0.12,1.15
2022-04-19,3036,9.93,9.82,10.0,9.77,7948,8454168.0,2.33,-0.51,-0.05,1.33
2022-04-20,3036,9.81,9.71,9.87,9.61,18036,19064375.0,2.65,-1.12,-0.11,3.03
2022-04-21,3036,9.71,9.47,9.9,9.46,10346,10838958.0,4.53,-2.47,-0.24,1.74
2022-04-22,3036,9.51,9.63,9.86,9.26,15876,16489172.0,6.34,1.69,0.16,2.66
2022-04-25,3036,9.46,8.64,9.51,8.59,23734,22989134.0,9.55,-10.28,-0.99,3.98
2022-04-26,3036,8.56,8.12,8.73,8.12,14919,13728446.0,7.06,-6.02,-0.52,2.5
2022-04-27,3036,8.01,8.28,8.3,7.62,18212,15897169.0,8.37,1.97,0.16,3.05
2022-04-28,3036,8.4,8.03,8.4,7.93,12842,11410122.0,5.68,-3.02,-0.25,2.15
2022-04-29,3036,8.13,8.36,8.49,8.02,13650,12422214.0,5.85,4.11,0.33,2.29
2022-05-05,3036,8.48,8.73,8.87,8.26,14884,14030479.0,7.3,4.43,0.37,2.5
2022-05-06,3036,8.56,8.63,8.75,8.51,8414,7928830.0,2.75,-1.15,-0.1,1.41
2022-05-09,3036,8.63,8.8,8.84,8.52,8185,7821760.0,3.71,1.97,0.17,1.37
2022-05-10,3036,8.71,9.06,9.09,8.7,12275,11952374.0,4.43,2.95,0.26,2.06
2022-05-11,3036,8.97,8.88,9.18,8.87,11591,11403472.0,3.42,-1.99,-0.18,1.94
2022-05-12,3036,8.84,9.04,9.11,8.82,11184,10960999.0,3.27,1.8,0.16,1.88
2022-05-13,3036,9.14,9.21,9.36,9.1,10312,10307489.0,2.88,1.88,0.17,1.73
2022-05-16,3036,9.29,9.22,9.37,9.15,7463,7486023.0,2.39,0.11,0.01,1.25
2022-05-17,3036,9.22,9.18,9.27,9.01,6356,6298786.0,2.82,-0.43,-0.04,1.07
2022-05-18,3036,9.24,9.29,9.35,9.04,8119,8153249.0,3.38,1.2,0.11,1.36
2022-05-19,3036,9.06,9.29,9.31,9.06,6110,6128151.0,2.69,0.0,0.0,1.02
2022-05-20,3036,9.28,9.37,9.46,9.28,7667,7800666.0,1.94,0.86,0.08,1.29
2022-05-23,3036,9.47,9.44,9.53,9.35,7426,7544521.0,1.92,0.75,0.07,1.25
2022-05-24,3036,9.59,9.07,9.59,8.99,15068,15045322.0,6.36,-3.92,-0.37,2.53
2022-05-25,3036,9.03,9.21,9.25,9.03,6352,6284433.0,2.43,1.54,0.14,1.07
2022-05-26,3036,9.33,9.36,9.39,9.01,8840,8812829.0,4.13,1.63,0.15,1.48
2022-05-27,3036,9.38,9.37,9.44,9.27,6668,6719272.0,1.82,0.11,0.01,1.12
2022-05-30,3036,9.37,9.44,9.49,9.21,7933,8020802.0,2.99,0.75,0.07,1.33
2022-05-31,3036,9.54,9.49,9.56,9.32,6895,6991797.0,2.54,0.53,0.05,1.16
2022-06-01,3036,9.56,9.59,9.64,9.35,8398,8630367.0,3.06,1.05,0.1,1.41
2022-06-02,3036,9.58,9.83,9.89,9.49,11967,12502827.0,4.17,2.5,0.24,2.01
2022-06-06,3036,9.83,9.99,10.07,9.79,12985,13860637.0,2.85,1.63,0.16,2.18
2022-06-07,3036,9.99,9.85,10.03,9.74,9379,9899675.0,2.9,-1.4,-0.14,1.57
2022-06-08,3036,10.04,9.79,10.04,9.59,10907,11459299.0,4.57,-0.61,-0.06,1.83
2022-06-09,3036,9.78,9.53,9.79,9.46,8262,8514572.0,3.37,-2.66,-0.26,1.39
2022-06-10,3036,9.52,9.67,9.76,9.49,7038,7275991.0,2.83,1.47,0.14,1.18
2022-06-13,3036,9.63,9.56,9.72,9.49,11950,12295125.0,2.38,-1.14,-0.11,2.0
2022-06-14,3036,9.49,9.63,9.64,9.38,19850,20350968.0,2.72,0.73,0.07,3.33
2022-06-15,3036,9.62,9.45,9.72,9.45,11866,12181091.0,2.8,-1.87,-0.18,1.99
2022-06-16,3036,9.71,9.59,9.71,9.45,10142,10429367.0,2.75,1.48,0.14,1.7
2022-06-17,3036,9.53,9.58,9.65,9.44,11331,11641134.0,2.19,-0.1,-0.01,1.9
2022-06-20,3036,9.61,9.84,9.88,9.6,17487,18366954.0,2.92,2.71,0.26,2.93
2022-06-21,3036,9.88,9.79,9.88,9.65,9826,10324322.0,2.34,-0.51,-0.05,1.65
2022-06-22,3036,9.8,9.7,9.92,9.68,8888,9336191.0,2.45,-0.92,-0.09,1.49
2022-06-23,3036,9.78,9.78,9.87,9.64,7779,8158537.0,2.37,0.82,0.08,1.3
2022-06-24,3036,9.75,9.78,9.93,9.73,7763,8190523.0,2.04,0.0,0.0,1.3
2022-06-27,3036,9.8,9.95,10.05,9.77,14784,15748084.0,2.86,1.74,0.17,2.48
2022-06-28,3036,10.05,10.22,10.34,9.85,13283,14411125.0,4.92,2.71,0.27,2.23
2022-06-29,3036,10.24,10.14,10.37,10.08,14564,15873950.0,2.84,-0.78,-0.08,2.44
2022-06-30,3036,10.27,10.0,10.27,9.99,13860,14979101.0,2.76,-1.38,-0.14,2.44
2022-07-01,3036,10.03,10.08,10.1,9.95,8072,8673964.0,1.5,0.8,0.08,1.42
2022-07-04,3036,10.1,10.49,10.49,9.95,14222,15463349.0,5.36,4.07,0.41,2.51
2022-07-05,3036,10.38,9.81,10.44,9.66,38078,40291153.0,7.44,-6.48,-0.68,6.71
2022-07-06,3036,9.83,9.96,9.99,9.56,14892,15600173.0,4.38,1.53,0.15,2.63
2022-07-07,3036,9.94,9.72,9.98,9.64,12237,12855205.0,3.41,-2.41,-0.24,2.16
2022-07-08,3036,9.79,9.82,9.94,9.72,9473,9995761.0,2.26,1.03,0.1,1.67
2022-07-11,3036,9.71,9.78,9.9,9.63,9631,10084262.0,2.75,-0.41,-0.04,1.7
2022-07-12,3036,10.83,10.83,10.83,10.83,18211,21015494.0,0.0,10.74,1.05,3.21
2022-07-13,3036,10.83,10.62,11.39,10.59,114395,134493043.57,7.39,-1.94,-0.21,20.17
2022-07-14,3036,10.84,10.74,11.05,10.29,69327,78634312.83,7.16,1.13,0.12,12.23
2022-07-15,3036,10.63,10.87,11.29,10.49,75784,89071529.24,7.45,1.21,0.13,13.36
2022-07-18,3036,11.02,11.1,11.27,10.88,62120,73400506.69,3.59,2.12,0.23,10.95
2022-07-19,3036,11.2,11.58,11.69,10.92,72532,88075160.16,6.94,4.32,0.48,12.79
2022-07-20,3036,11.59,11.57,11.71,11.25,43780,53313413.2,3.97,-0.09,-0.01,7.72
2022-07-21,3036,11.99,11.78,11.99,11.59,42913,53691840.01,3.46,1.82,0.21,7.57
2022-07-22,3036,12.13,11.61,12.13,11.46,27485,34086376.99,5.69,-1.44,-0.17,4.85
2022-07-25,3036,11.59,11.5,11.84,11.48,22246,27497227.92,3.1,-0.95,-0.11,3.92
2022-07-26,3036,11.45,11.76,11.8,11.29,21050,25899726.0,4.43,2.26,0.26,3.71
2022-07-27,3036,11.71,11.76,12.13,11.54,23147,28719575.0,5.02,0.0,0.0,4.08
2022-07-28,3036,11.78,12.41,12.49,11.78,45661,59014816.15,6.04,5.53,0.65,8.05
2022-07-29,3036,12.44,11.89,12.47,11.79,27260,34735214.84,5.48,-4.19,-0.52,4.81
2022-08-01,3036,11.92,12.22,12.27,11.89,24407,31327917.2,3.2,2.78,0.33,4.3
2022-08-02,3036,12.26,11.79,12.26,11.31,26431,33005349.0,7.77,-3.52,-0.43,4.66
2022-08-03,3036,11.89,11.22,12.23,11.1,23688,28964341.24,9.58,-4.83,-0.57,4.18
2022-08-04,3036,11.29,11.41,11.52,11.08,17711,21166906.32,3.92,1.69,0.19,3.12
2022-08-05,3036,11.37,11.52,11.57,11.21,15060,18207038.87,3.16,0.96,0.11,2.66
2022-08-08,3036,11.95,11.38,11.95,11.2,23975,28926760.76,6.51,-1.22,-0.14,4.23
2022-08-09,3036,11.4,12.07,12.08,11.25,28970,35810416.23,7.29,6.06,0.69,5.11
2022-08-10,3036,12.09,11.79,12.09,11.61,24337,30237645.68,3.98,-2.32,-0.28,4.29
2022-08-11,3036,11.79,11.97,12.05,11.7,19644,24828303.62,2.97,1.53,0.18,3.46
2022-08-12,3036,12.07,12.07,12.44,11.91,25361,32671199.88,4.43,0.84,0.1,4.47
2022-08-15,3036,11.92,12.28,12.32,11.92,19549,25252027.0,3.31,1.74,0.21,3.45
2022-08-16,3036,12.22,12.23,12.41,12.14,15747,20399041.9,2.2,-0.41,-0.05,2.78
2022-08-17,3036,12.37,12.67,12.69,12.17,27721,36689003.55,4.25,3.6,0.44,4.89
2022-08-18,3036,12.74,13.15,13.15,12.59,33546,45771113.68,4.42,3.79,0.48,5.92
2022-08-19,3036,13.09,12.57,13.09,12.52,26647,35825760.4,4.33,-4.41,-0.58,4.7
2022-08-22,3036,12.57,12.29,12.78,12.09,22401,29227494.0,5.49,-2.23,-0.28,3.95
2022-08-23,3036,12.42,12.86,13.05,12.09,35685,47867322.74,7.81,4.64,0.57,6.29
2022-08-24,3036,12.86,12.3,12.9,12.25,26111,34458641.02,5.05,-4.35,-0.56,4.6
2022-08-25,3036,12.42,12.03,12.53,11.92,18431,23618742.72,4.96,-2.2,-0.27,3.25
2022-08-26,3036,12.07,11.7,12.18,11.61,19328,24252032.61,4.74,-2.74,-0.33,3.41
2022-08-29,3036,11.57,12.94,12.94,11.3,39626,52079092.19,14.02,10.6,1.24,6.99
2022-08-30,3036,12.85,12.43,13.21,12.3,54101,72227991.05,7.03,-3.94,-0.51,9.54
2022-08-31,3036,12.39,11.67,12.43,11.15,52641,65064493.0,10.3,-6.11,-0.76,9.28
2022-09-01,3036,11.5,11.2,11.99,11.03,48867,58606871.17,8.23,-4.03,-0.47,8.62
2022-09-02,3036,11.52,12.39,12.39,11.34,23066,29685721.26,9.38,10.63,1.19,4.07
2022-09-05,3036,12.77,12.07,12.77,11.59,88973,112893281.92,9.52,-2.58,-0.32,15.69
2022-09-06,3036,12.19,11.94,12.19,11.74,53433,67263477.32,3.73,-1.08,-0.13,9.42
2022-09-07,3036,11.77,13.21,13.21,11.72,113023,152376304.66,12.48,10.64,1.27,19.93
2022-09-08,3036,13.21,12.86,13.45,12.62,110349,149619069.68,6.28,-2.65,-0.35,19.46
2022-09-09,3036,12.8,12.64,12.83,12.33,60476,80333414.31,3.89,-1.71,-0.22,10.66
2022-09-13,3036,12.72,12.88,12.95,12.35,79416,106618638.33,4.75,1.9,0.24,14.0
2022-09-14,3036,12.49,12.57,12.83,12.39,42945,57053021.64,3.42,-2.41,-0.31,7.57
2022-09-15,3036,12.6,11.81,13.08,11.67,57472,74074153.6,11.22,-6.05,-0.76,10.13
2022-09-16,3036,11.9,13.06,13.06,11.9,80955,111016925.9,9.82,10.58,1.25,14.28
2022-09-19,3036,13.24,13.0,14.09,12.79,193247,272520075.39,9.95,-0.46,-0.06,34.08
2022-09-20,3036,13.04,13.53,13.84,12.77,162074,228381024.05,8.23,4.08,0.53,28.58
2022-09-21,3036,13.16,13.24,13.48,12.89,94483,131430721.29,4.36,-2.14,-0.29,16.66
2022-09-22,3036,13.25,12.92,13.43,12.6,81115,111162748.5,6.27,-2.42,-0.32,14.3
2022-09-23,3036,12.71,12.7,12.99,12.09,82068,107362579.09,6.97,-1.7,-0.22,14.47
2022-09-26,3036,12.47,12.52,12.54,12.12,58442,76438241.79,3.31,-1.42,-0.18,10.31
2022-09-27,3036,12.47,11.99,12.49,11.35,88488,111152572.89,9.11,-4.23,-0.53,15.6
2022-09-28,3036,11.82,11.0,11.99,11.0,67623,81976221.1,8.26,-8.26,-0.99,11.93
2022-09-29,3036,11.27,10.54,11.28,10.38,65050,74138846.58,8.18,-4.18,-0.46,11.47
2022-09-30,3036,10.51,10.24,10.65,10.23,44052,48992780.21,3.98,-2.85,-0.3,7.77
2022-10-10,3036,10.25,9.88,10.32,9.77,32864,35128593.6,5.37,-3.52,-0.36,5.8
2022-10-11,3036,10.83,10.94,10.94,10.83,19057,22176402.0,1.11,10.73,1.06,3.36
2022-10-12,3036,11.29,11.62,11.85,10.95,128981,156882186.36,8.23,6.22,0.68,22.75
2022-10-13,3036,11.38,11.44,11.62,11.34,70508,85939537.17,2.41,-1.55,-0.18,12.43
2022-10-14,3036,11.61,11.44,11.71,11.29,45416,55249934.5,3.67,0.0,0.0,8.01
2022-10-17,3036,11.46,12.31,12.47,11.43,69828,88807647.4,9.09,7.6,0.87,12.31
2022-10-18,3036,12.31,12.73,12.86,12.14,69512,92456009.4,5.85,3.41,0.42,12.26
2022-10-19,3036,12.74,12.56,12.94,12.51,44233,59183640.3,3.38,-1.34,-0.17,7.8
2022-10-20,3036,12.61,12.6,13.07,12.22,60827,81063967.39,6.77,0.32,0.04,10.73
2022-10-21,3036,12.58,12.36,12.58,12.19,50567,66176131.5,3.1,-1.9,-0.24,8.92
2022-10-24,3036,12.45,12.38,12.65,12.27,41617,54898260.0,3.07,0.16,0.02,7.34
2022-10-25,3036,12.27,12.26,12.37,11.82,38565,49455418.0,4.44,-0.97,-0.12,6.8
2022-10-26,3036,12.26,12.54,12.58,12.25,29576,38961178.2,2.69,2.28,0.28,5.22
2022-10-27,3036,12.69,12.19,12.72,12.13,31604,41361507.0,4.7,-2.79,-0.35,5.57
2022-10-28,3036,12.19,11.59,12.41,11.55,30185,37992551.62,7.05,-4.92,-0.6,5.32
2022-10-31,3036,11.23,11.5,11.78,11.23,31202,38337893.0,4.75,-0.78,-0.09,5.5
2022-11-01,3036,11.54,12.27,12.27,11.54,35293,44779401.44,6.35,6.7,0.77,6.22
2022-11-02,3036,12.41,12.59,12.64,12.05,34084,44899880.15,4.81,2.61,0.32,6.01
2022-11-03,3036,12.54,12.73,12.88,12.46,27928,37413320.04,3.34,1.11,0.14,4.92
2022-11-04,3036,12.84,12.81,13.06,12.72,30378,41249797.0,2.67,0.63,0.08,5.36
2022-11-07,3036,12.89,12.91,13.14,12.79,24542,33556693.98,2.73,0.78,0.1,4.33
2022-11-08,3036,13.19,12.94,13.19,12.69,21788,29621384.09,3.87,0.23,0.03,3.84
2022-11-09,3036,12.99,12.98,13.19,12.87,18249,25064753.92,2.47,0.31,0.04,3.22
2022-11-10,3036,12.94,12.68,13.19,12.66,16418,22226258.0,4.08,-2.31,-0.3,2.9
2022-11-11,3036,12.94,12.5,13.05,12.49,23167,31073439.0,4.42,-1.42,-0.18,4.09
2022-11-14,3036,12.72,12.38,12.72,12.32,18117,23831891.9,3.2,-0.96,-0.12,3.19
2022-11-15,3036,12.4,12.55,12.55,12.24,17311,22727273.24,2.5,1.37,0.17,3.05
2022-11-16,3036,12.63,12.41,12.68,12.35,16417,21602198.0,2.63,-1.12,-0.14,2.9
2022-11-17,3036,12.47,12.49,12.54,12.3,16582,21795377.0,1.93,0.64,0.08,2.92
2022-11-18,3036,12.54,12.08,12.54,12.06,34218,44420981.16,3.84,-3.28,-0.41,6.03
2022-11-21,3036,12.14,12.61,12.65,12.12,37550,49374301.03,4.39,4.39,0.53,6.62
2022-11-22,3036,12.66,12.46,12.98,12.37,32267,43237638.96,4.84,-1.19,-0.15,5.69
2022-11-23,3036,12.67,12.13,12.67,11.85,27591,35351459.0,6.58,-2.65,-0.33,4.87
2022-11-24,3036,12.13,12.39,12.45,12.1,19218,25023545.0,2.89,2.14,0.26,3.39
2022-11-25,3036,12.48,11.88,12.58,11.83,25953,32992129.8,6.05,-4.12,-0.51,4.58
2022-11-28,3036,11.89,11.78,11.97,11.57,18634,23245153.0,3.37,-0.84,-0.1,3.29
2022-11-29,3036,11.84,11.98,12.12,11.77,17078,21630931.57,2.97,1.7,0.2,3.01
2022-11-30,3036,12.05,12.08,12.22,11.9,14188,18179657.95,2.67,0.83,0.1,2.5
2022-12-01,3036,12.18,12.16,12.34,12.13,16180,20903873.0,1.74,0.66,0.08,2.85
2022-12-02,3036,12.27,12.66,12.88,12.1,31758,42212586.0,6.41,4.11,0.5,5.6
2022-12-05,3036,12.78,12.48,12.82,12.36,21449,28409037.05,3.63,-1.42,-0.18,3.78
2022-12-06,3036,12.54,12.24,12.54,12.2,17122,22314346.24,2.72,-1.92,-0.24,3.02
2022-12-07,3036,12.24,12.37,12.46,12.1,14012,18248897.78,2.94,1.06,0.13,2.47
2022-12-08,3036,12.25,12.32,12.5,12.19,16576,21649992.1,2.51,-0.4,-0.05,2.92
2022-12-09,3036,12.37,12.26,12.44,12.18,11875,15456732.0,2.11,-0.49,-0.06,2.09
2022-12-12,3036,12.35,12.19,12.36,12.06,13425,17245977.8,2.45,-0.57,-0.07,2.37
2022-12-13,3036,12.19,12.15,12.33,12.1,10764,13899964.48,1.89,-0.33,-0.04,1.9
2022-12-14,3036,12.2,12.21,12.3,12.11,8603,11099521.0,1.56,0.49,0.06,1.52
2022-12-15,3036,12.21,12.41,12.51,12.14,15514,20314157.8,3.03,1.64,0.2,2.74
2022-12-16,3036,12.41,11.89,12.43,11.88,17721,22622389.0,4.43,-4.19,-0.52,3.13
2022-12-19,3036,11.82,11.61,12.03,11.49,17323,21410548.76,4.54,-2.35,-0.28,3.05
2022-12-20,3036,11.51,11.93,11.95,11.38,15453,19216989.0,4.91,2.76,0.32,2.73
2022-12-21,3036,11.86,11.45,11.95,11.36,18897,23156695.0,4.95,-4.02,-0.48,3.33
2022-12-22,3036,11.53,11.3,11.68,11.17,16674,20156833.34,4.45,-1.31,-0.15,2.94
2022-12-23,3036,11.28,11.1,11.38,10.9,17118,20180627.0,4.25,-1.77,-0.2,3.02
2022-12-26,3036,11.16,11.49,11.73,11.1,26135,31766814.16,5.68,3.51,0.39,4.61
2022-12-27,3036,11.5,11.47,11.57,11.28,17376,21071199.0,2.52,-0.17,-0.02,3.06
2022-12-28,3036,11.52,11.2,11.57,11.05,14925,17826333.0,4.53,-2.35,-0.27,2.63
2022-12-29,3036,11.19,11.03,11.28,10.99,10888,12865519.12,2.59,-1.52,-0.17,1.92
2022-12-30,3036,11.09,11.1,11.21,10.95,15408,18174626.8,2.36,0.63,0.07,2.72
2023-01-03,3036,11.1,11.53,11.56,11.09,21933,26614566.03,4.23,3.87,0.43,3.87
2023-01-04,3036,11.53,11.44,11.62,11.31,22197,26981758.2,2.69,-0.78,-0.09,3.91
2023-01-05,3036,11.44,11.57,11.6,11.34,13406,16394153.0,2.27,1.14,0.13,2.36
2023-01-06,3036,11.57,11.78,11.88,11.52,18168,22525934.0,3.11,1.82,0.21,3.2
2023-01-09,3036,11.84,11.65,11.94,11.61,16278,20234384.0,2.8,-1.1,-0.13,2.87
2023-01-10,3036,11.65,11.63,11.79,11.55,13556,16746293.0,2.06,-0.17,-0.02,2.39
2023-01-11,3036,11.63,11.49,11.7,11.48,10118,12416962.0,1.89,-1.2,-0.14,1.78
2023-01-12,3036,11.46,11.51,11.71,11.45,10430,12833760.0,2.26,0.17,0.02,1.84
2023-01-13,3036,11.51,11.64,11.64,11.45,12292,15060065.6,1.65,1.13,0.13,2.17
2023-01-16,3036,11.63,11.66,11.7,11.53,19432,23936585.0,1.46,0.17,0.02,3.43
2023-01-17,3036,11.68,11.62,11.73,11.55,10492,12933354.0,1.54,-0.34,-0.04,1.85
2023-01-18,3036,11.62,11.75,11.79,11.54,16578,20539559.0,2.15,1.12,0.13,2.92
2023-01-19,3036,11.87,11.68,11.87,11.42,29375,36236847.7,3.83,-0.6,-0.07,5.18
2023-01-20,3036,11.78,11.66,11.94,11.54,29131,36172268.8,3.42,-0.17,-0.02,5.14
2023-01-30,3036,11.79,11.9,11.99,11.76,34775,43682983.0,1.97,2.06,0.24,6.13
2023-01-31,3036,11.9,12.07,12.07,11.83,21068,26716525.85,2.02,1.43,0.17,3.72
2023-02-01,3036,12.04,12.27,12.28,12.04,23507,30356653.0,1.99,1.66,0.2,4.15
2023-02-02,3036,12.35,12.77,12.88,12.17,60392,80595752.24,5.79,4.07,0.5,10.65
2023-02-03,3036,12.91,13.66,13.77,12.9,120661,169365143.03,6.81,6.97,0.89,21.28
2023-02-06,3036,13.29,13.74,14.05,13.19,104355,149921972.37,6.3,0.59,0.08,18.4
2023-02-07,3036,13.67,13.67,14.23,13.56,85664,124655632.38,4.88,-0.51,-0.07,15.11
2023-02-08,3036,13.78,13.31,13.78,13.27,48717,68609419.6,3.73,-2.63,-0.36,8.59
2023-02-09,3036,13.24,13.41,13.59,13.24,29292,41444076.0,2.63,0.75,0.1,5.17
2023-02-10,3036,13.44,13.3,13.5,13.23,37250,52307575.5,2.01,-0.82,-0.11,6.57
2023-02-13,3036,13.32,13.4,13.48,13.23,26677,37549816.0,1.88,0.75,0.1,4.7
2023-02-14,3036,13.7,13.66,13.75,13.4,37857,54105068.0,2.61,1.94,0.26,6.68
2023-02-15,3036,13.66,13.63,13.73,13.5,19956,28530451.0,1.68,-0.22,-0.03,3.52
2023-02-16,3036,13.67,13.04,13.7,12.9,40162,56302809.3,5.87,-4.33,-0.59,7.08
2023-02-17,3036,13.04,12.94,13.24,12.94,31286,43172127.0,2.3,-0.77,-0.1,5.52
2023-02-20,3036,13.05,13.31,13.41,12.95,27783,38566650.0,3.55,2.86,0.37,4.9
2023-02-21,3036,13.44,13.47,13.56,13.31,23574,33327069.0,1.88,1.2,0.16,4.16
2023-02-22,3036,13.52,13.68,13.77,13.15,28962,41515558.75,4.6,1.56,0.21,5.11
2023-02-23,3036,13.79,13.96,14.17,13.79,40089,58973195.56,2.78,2.05,0.28,7.07
2023-02-24,3036,14.19,13.74,14.44,13.69,29177,42852902.2,5.37,-1.58,-0.22,5.15
2023-02-27,3036,13.76,13.49,13.95,13.44,20879,29854170.85,3.71,-1.82,-0.25,3.68
2023-02-28,3036,13.49,13.68,13.77,13.48,27474,39468967.4,2.15,1.41,0.19,4.84
2023-03-01,3036,13.68,13.8,13.83,13.54,18636,26868094.0,2.12,0.88,0.12,3.29
2023-03-02,3036,13.8,13.54,13.84,13.5,14418,20637878.0,2.46,-1.88,-0.26,2.54
2023-03-03,3036,13.57,13.5,13.66,13.32,12920,18336209.0,2.51,-0.3,-0.04,2.28
2023-03-06,3036,13.59,13.78,13.84,13.32,27593,39675446.0,3.85,2.07,0.28,4.87
2023-03-07,3036,13.78,13.29,13.79,13.25,22757,32133438.0,3.92,-3.56,-0.49,4.01
2023-03-08,3036,13.5,13.47,13.5,13.29,11381,16038016.0,1.58,1.35,0.18,2.01
2023-03-09,3036,13.46,13.5,13.54,13.35,7300,10343032.0,1.41,0.22,0.03,1.29
2023-03-10,3036,13.5,13.3,13.63,13.16,15200,21349143.0,3.48,-1.48,-0.2,2.68
2023-03-13,3036,13.57,13.22,13.57,13.1,20707,28869421.0,3.53,-0.6,-0.08,3.65
2023-03-14,3036,13.26,12.96,13.37,12.8,13729,18855243.0,4.31,-1.97,-0.26,2.42
2023-03-15,3036,13.05,13.31,13.44,13.01,12726,17829504.0,3.32,2.7,0.35,2.24
2023-03-16,3036,13.36,13.17,13.38,13.11,11004,15370477.7,2.03,-1.05,-0.14,1.94
2023-03-17,3036,13.27,13.22,13.38,13.16,10435,14584237.0,1.67,0.38,0.05,1.84
2023-03-20,3036,13.3,13.47,13.53,13.1,18270,25724030.0,3.25,1.89,0.25,3.22
2023-03-21,3036,13.48,13.47,13.49,13.17,19346,27119636.65,2.38,0.0,0.0,3.41
2023-03-22,3036,13.46,13.19,13.61,13.15,32575,45636054.4,3.41,-2.08,-0.28,5.74
2023-03-23,3036,13.17,12.83,13.26,12.79,26475,36167348.0,3.56,-2.73,-0.36,4.67
2023-03-24,3036,12.86,12.79,12.95,12.74,17545,23734338.0,1.64,-0.31,-0.04,3.09
2023-03-27,3036,12.79,12.82,12.86,12.55,19576,26258493.42,2.42,0.23,0.03,3.45
2023-03-28,3036,12.94,12.63,12.94,12.57,13257,17782681.0,2.89,-1.48,-0.19,2.34
2023-03-29,3036,12.64,12.49,12.74,12.44,10886,14403534.0,2.38,-1.11,-0.14,1.92
2023-03-30,3036,12.44,12.42,12.55,12.26,14602,19129610.74,2.32,-0.56,-0.07,2.58
2023-03-31,3036,12.44,12.83,12.85,12.36,21632,29026631.0,3.95,3.3,0.41,3.81
2023-04-03,3036,12.79,12.74,12.94,12.61,17327,23265821.0,2.57,-0.7,-0.09,3.06
2023-04-04,3036,12.73,12.53,12.73,12.46,14796,19617303.0,2.12,-1.65,-0.21,2.61
2023-04-06,3036,12.47,12.48,12.55,12.38,9618,12667190.0,1.36,-0.4,-0.05,1.7
2023-04-07,3036,12.53,12.58,12.63,12.4,8119,10750492.0,1.84,0.8,0.1,1.43
2023-04-10,3036,12.68,12.61,12.74,12.51,11255,15010994.0,1.83,0.24,0.03,1.98
2023-04-11,3036,12.51,12.23,12.6,12.16,21632,28134777.96,3.49,-3.01,-0.38,3.81
2023-04-12,3036,12.22,12.23,12.35,12.11,14862,19215136.96,1.96,0.0,0.0,2.62
2023-04-13,3036,12.21,12.12,12.26,12.08,11127,14288891.0,1.47,-0.9,-0.11,1.96
2023-04-14,3036,12.18,12.14,12.2,12.05,11461,14707410.0,1.24,0.17,0.02,2.02
2023-04-17,3036,12.12,12.21,12.28,12.1,11466,14807018.0,1.48,0.58,0.07,2.02
2023-04-18,3036,12.21,12.07,12.21,12.02,9609,12288488.4,1.56,-1.15,-0.14,1.69
2023-04-19,3036,12.08,12.07,12.12,11.99,7267,9274602.95,1.08,0.0,0.0,1.28
2023-04-20,3036,11.99,11.77,12.05,11.73,13194,16539013.0,2.65,-2.49,-0.3,2.33
2023-04-21,3036,11.86,11.47,11.86,11.43,14787,18181018.0,3.65,-2.55,-0.3,2.61
2023-04-24,3036,11.39,11.39,11.5,10.25,13043,15711497.7,10.9,-0.7,-0.08,2.3
2023-04-25,3036,11.4,11.02,11.47,10.79,16188,19047665.55,5.97,-3.25,-0.37,2.85
2023-04-26,3036,10.99,11.25,11.35,10.95,14951,17795467.0,3.63,2.09,0.23,2.64
2023-04-27,3036,11.16,11.39,11.41,11.15,12216,14716624.0,2.31,1.24,0.14,2.15
2023-04-28,3036,11.35,11.64,11.68,11.28,12587,15426591.0,3.51,2.19,0.25,2.22
2023-05-04,3036,11.59,11.9,11.9,11.54,11829,14762095.0,3.09,2.23,0.26,2.09
2023-05-05,3036,11.9,11.94,12.01,11.74,11384,14323034.0,2.27,0.34,0.04,2.01
2023-05-08,3036,11.92,11.8,12.03,11.72,8426,10578819.0,2.6,-1.17,-0.14,1.49
2023-05-09,3036,11.88,11.75,11.94,11.7,10314,12926645.85,2.03,-0.42,-0.05,1.82
2023-05-10,3036,11.7,11.75,11.86,11.65,6326,7888409.05,1.79,0.0,0.0,1.12
2023-05-11,3036,11.79,11.94,12.01,11.7,8097,10189521.0,2.64,1.62,0.19,1.43
2023-05-12,3036,11.92,11.72,12.02,11.67,13297,16637044.0,2.93,-1.84,-0.22,2.34
2023-05-15,3036,11.72,12.06,12.14,11.69,12365,15439810.0,3.84,2.9,0.34,2.18
2023-05-16,3036,12.06,12.1,12.19,11.99,9535,12043020.0,1.66,0.33,0.04,1.68
2023-05-17,3036,12.07,12.36,12.36,12.06,13610,17405708.0,2.48,2.15,0.26,2.4
2023-05-18,3036,12.41,12.42,12.45,12.28,16127,20849847.45,1.38,0.49,0.06,2.84
2023-05-19,3036,12.41,12.5,12.53,12.36,13986,18192363.15,1.37,0.64,0.08,2.47
2023-05-22,3036,12.57,12.51,12.57,12.45,8082,10546848.0,0.96,0.08,0.01,1.43
2023-05-23,3036,12.47,12.52,12.59,12.46,9144,11963976.0,1.04,0.08,0.01,1.61
2023-05-24,3036,12.52,12.52,12.61,12.42,6877,9004452.4,1.52,0.0,0.0,1.21
2023-05-25,3036,12.51,12.65,12.66,12.47,10493,13763669.0,1.52,1.04,0.13,1.85
2023-05-26,3036,12.69,12.71,12.73,12.51,9375,12347320.0,1.74,0.47,0.06,1.65
2023-05-29,3036,12.7,12.51,12.74,12.46,10101,13268466.3,2.2,-1.57,-0.2,1.78
2023-05-30,3036,12.49,12.64,12.71,12.48,10605,13953577.0,1.84,1.04,0.13,1.87
2023-05-31,3036,12.65,12.65,12.69,12.57,6737,8868294.0,0.95,0.08,0.01,1.19
2023-06-01,3036,12.67,12.62,12.71,12.54,9654,12716105.0,1.34,-0.24,-0.03,1.7
2023-06-02,3036,12.63,12.71,12.71,12.63,8373,11071971.0,0.63,0.71,0.09,1.48
2023-06-05,3036,12.74,12.71,12.75,12.63,7319,9682590.0,0.94,0.0,0.0,1.29
2023-06-06,3036,12.7,12.46,12.7,12.41,16403,21405194.0,2.28,-1.97,-0.25,2.89
2023-06-07,3036,12.46,12.62,12.7,12.32,13900,18186706.0,3.05,1.28,0.16,2.45
2023-06-08,3036,12.65,12.52,12.65,12.46,6397,8362330.0,1.51,-0.79,-0.1,1.13
2023-06-09,3036,12.52,12.37,12.52,12.3,9789,12629175.24,1.76,-1.2,-0.15,1.73
2023-06-12,3036,12.36,12.58,12.6,12.17,12634,16358928.24,3.48,1.7,0.21,2.23
2023-06-13,3036,12.56,12.54,12.65,12.49,7039,9216051.0,1.27,-0.32,-0.04,1.24
2023-06-14,3036,12.59,12.54,12.59,12.39,8155,10620065.0,1.59,0.0,0.0,1.44
2023-06-15,3036,12.54,12.57,12.59,12.49,7870,10304179.0,0.8,0.24,0.03,1.39
2023-06-16,3036,12.58,12.6,12.64,12.51,7827,10263036.0,1.03,0.24,0.03,1.38
2023-06-19,3036,12.62,12.63,12.7,12.56,10384,13682916.0,1.11,0.24,0.03,1.83
2023-06-20,3036,12.7,12.56,12.7,12.46,13165,17182521.0,1.9,-0.55,-0.07,2.32
2023-06-21,3036,12.46,12.33,12.64,12.31,16609,21531937.0,2.63,-1.83,-0.23,2.93
2023-06-26,3036,12.33,12.11,12.44,12.07,11956,15248579.0,3.0,-1.78,-0.22,2.11
2023-06-27,3036,12.26,12.34,12.35,12.09,12225,15631236.0,2.15,1.9,0.23,2.16
2023-06-28,3036,12.34,12.42,12.44,12.08,11219,14395061.0,2.92,0.65,0.08,1.98
2023-06-29,3036,12.42,12.93,13.0,12.42,36552,48962494.0,4.67,4.11,0.51,6.45
2023-06-30,3036,12.93,12.94,13.02,12.76,16368,22050186.0,2.01,0.08,0.01,2.89
2023-07-03,3036,12.98,13.11,13.14,12.86,22922,31096225.0,2.16,1.31,0.17,4.04
2023-07-04,3036,13.03,13.29,13.41,13.01,18971,26193502.15,3.05,1.37,0.18,3.35
2023-07-05,3036,13.3,13.17,13.34,13.07,10825,14876280.0,2.03,-0.9,-0.12,1.91
2023-07-06,3036,13.21,13.11,13.21,13.04,7836,10690024.0,1.29,-0.46,-0.06,1.38
2023-07-07,3036,13.12,13.11,13.16,13.01,7843,10691087.0,1.14,0.0,0.0,1.38
2023-07-10,3036,13.16,13.0,13.19,12.95,8900,12065561.0,1.83,-0.84,-0.11,1.57
2023-07-11,3036,13.02,13.23,13.23,13.02,10539,14429380.1,1.62,1.77,0.23,1.86
2023-07-12,3036,13.23,13.06,13.29,13.03,9585,13088551.0,1.97,-1.28,-0.17,1.69
2023-07-13,3036,13.22,13.1,13.22,13.02,7257,9884116.0,1.53,0.31,0.04,1.28
2023-07-14,3036,13.11,12.87,13.12,12.81,14487,19483187.0,2.37,-1.76,-0.23,2.55
2023-07-17,3036,12.86,12.95,12.95,12.74,8797,11767491.0,1.63,0.62,0.08,1.55
2023-07-18,3036,12.95,13.15,13.18,12.82,8848,12049875.68,2.78,1.54,0.2,1.56
2023-07-19,3036,13.16,13.03,13.16,12.93,7822,10607982.2,1.75,-0.91,-0.12,1.38
2023-07-20,3036,13.01,12.86,13.07,12.82,7809,10501960.0,1.92,-1.3,-0.17,1.38
2023-07-21,3036,12.83,12.68,12.94,12.64,11835,15737245.0,2.33,-1.4,-0.18,2.09
2023-07-24,3036,12.68,12.76,12.8,12.58,7339,9714861.0,1.74,0.63,0.08,1.29
2023-07-25,3036,12.78,12.87,12.88,12.71,6393,8546407.0,1.33,0.86,0.11,1.13
2023-07-26,3036,12.88,13.0,13.03,12.85,9391,12678893.0,1.4,1.01,0.13,1.66
2023-07-27,3036,13.0,13.02,13.16,12.87,10746,14625671.85,2.23,0.15,0.02,1.9
2023-07-28,3036,12.99,12.9,13.03,12.82,11138,14983454.0,1.61,-0.92,-0.12,1.96
2023-07-31,3036,12.9,13.05,13.06,12.84,11216,15117149.0,1.71,1.16,0.15,1.98
2023-08-01,3036,13.14,12.96,13.14,12.86,11353,15356891.0,2.15,-0.69,-0.09,2.0
2023-08-02,3036,13.01,13.12,13.12,12.91,10742,14601935.0,1.62,1.23,0.16,1.89
2023-08-03,3036,13.16,12.81,13.16,12.78,12271,16459685.75,2.9,-2.36,-0.31,2.16
2023-08-04,3036,12.88,12.58,12.89,12.54,17243,22739975.0,2.73,-1.8,-0.23,3.04
2023-08-07,3036,12.58,12.53,12.68,12.5,9878,12951509.0,1.43,-0.4,-0.05,1.74
2023-08-08,3036,12.57,12.62,12.66,12.48,8704,11439581.0,1.44,0.72,0.09,1.53
2023-08-09,3036,12.61,12.52,12.61,12.47,8496,11109782.0,1.11,-0.79,-0.1,1.5
2023-08-10,3036,12.52,12.73,12.76,12.46,11504,15178581.0,2.4,1.68,0.21,2.03
2023-08-11,3036,12.71,12.71,12.82,12.64,10659,14148762.0,1.41,-0.16,-0.02,1.88
2023-08-14,3036,12.56,12.51,12.63,12.32,16251,21118634.0,2.44,-1.57,-0.2,2.87
2023-08-15,3036,12.47,12.48,12.56,12.36,6772,8817981.0,1.6,-0.24,-0.03,1.19
2023-08-16,3036,12.52,12.83,12.87,12.38,17755,23557002.0,3.93,2.8,0.35,3.13
2023-08-17,3036,12.82,12.92,12.93,12.63,20287,27060161.0,2.34,0.7,0.09,3.58
2023-08-18,3036,12.9,12.96,13.11,12.83,15899,21508485.0,2.17,0.31,0.04,2.8
2023-08-21,3036,12.86,12.84,12.98,12.73,14791,19815444.0,1.93,-0.93,-0.12,2.61
2023-08-22,3036,12.85,12.81,13.0,12.57,14998,19944867.0,3.35,-0.23,-0.03,2.64
2023-08-23,3036,12.76,12.55,12.86,12.53,12240,16179004.0,2.58,-2.03,-0.26,2.16
2023-08-24,3036,12.59,11.94,12.62,11.9,26946,34127740.83,5.74,-4.86,-0.61,4.75
2023-08-25,3036,12.27,12.16,13.19,12.0,80136,105684183.9,9.97,1.84,0.22,14.13
2023-08-28,3036,12.42,12.17,12.56,11.96,57888,74528994.0,4.93,0.08,0.01,10.21
2023-08-29,3036,12.01,12.87,12.9,12.01,48789,64254179.8,7.31,5.75,0.7,8.6
2023-08-30,3036,12.87,13.16,13.34,12.84,36817,50389540.26,3.89,2.25,0.29,6.49
2023-08-31,3036,13.11,13.16,13.25,13.08,19460,26642632.0,1.29,0.0,0.0,3.43
2023-09-01,3036,13.1,13.17,13.23,12.95,16025,21824323.0,2.13,0.08,0.01,2.83
2023-09-04,3036,13.18,13.3,13.34,13.14,19839,27322348.0,1.52,0.99,0.13,3.5
2023-09-05,3036,13.29,13.32,13.41,13.16,16085,22320406.0,1.88,0.15,0.02,2.84
2023-09-06,3036,13.32,13.42,13.43,13.24,13586,18912595.0,1.43,0.75,0.1,2.4
2023-09-07,3036,13.47,13.26,13.5,13.16,18780,26022760.0,2.53,-1.19,-0.16,3.31
2023-09-08,3036,13.26,13.3,13.4,13.24,10548,14597264.0,1.21,0.3,0.04,1.86
2023-09-11,3036,13.31,13.27,13.36,13.16,18092,24959059.0,1.5,-0.23,-0.03,3.19
2023-09-12,3036,13.27,13.18,13.3,13.06,14799,20295200.0,1.81,-0.68,-0.09,2.61
2023-09-13,3036,13.21,12.98,13.24,12.82,19298,26084800.0,3.19,-1.52,-0.2,3.4
2023-09-14,3036,12.99,12.9,13.01,12.79,12945,17415312.0,1.69,-0.62,-0.08,2.28
2023-09-15,3036,12.91,12.84,13.04,12.74,16868,22572580.0,2.33,-0.47,-0.06,2.97
2023-09-18,3036,12.78,13.22,13.26,12.64,17996,24519257.5,4.83,2.96,0.38,3.17
2023-09-19,3036,13.21,13.14,13.28,13.11,12883,17695919.0,1.29,-0.61,-0.08,2.27
2023-09-20,3036,13.08,13.02,13.23,12.96,16484,22484932.0,2.05,-0.91,-0.12,2.91
2023-09-21,3036,12.99,12.87,13.07,12.82,20954,28188626.0,1.92,-1.15,-0.15,3.7
2023-09-22,3036,12.86,13.19,13.21,12.82,16925,23017025.0,3.03,2.49,0.32,2.98
2023-09-25,3036,13.17,13.3,13.38,13.11,17624,24285349.0,2.05,0.83,0.11,3.11
2023-09-26,3036,13.27,13.37,13.4,13.17,13856,19198317.0,1.73,0.53,0.07,2.44
2023-09-27,3036,13.35,13.66,13.73,13.35,35170,49764112.3,2.84,2.17,0.29,6.2
2023-09-28,3036,13.59,13.73,13.82,13.57,17867,25468683.0,1.83,0.51,0.07,3.15
2023-10-09,3036,13.74,13.68,13.86,13.54,20590,29223503.0,2.33,-0.36,-0.05,3.63
2023-10-10,3036,13.69,13.53,13.7,13.41,15729,22131926.0,2.12,-1.1,-0.15,2.77
2023-10-11,3036,13.52,13.41,13.57,13.32,15141,21140617.0,1.85,-0.89,-0.12,2.67
2023-10-12,3036,13.42,13.47,13.53,13.28,16654,23235909.0,1.86,0.45,0.06,2.94
2023-10-13,3036,13.46,13.33,13.47,13.2,13972,19356555.0,2.0,-1.04,-0.14,2.46
2023-10-16,3036,13.37,13.25,13.37,13.09,16936,23309474.0,2.1,-0.6,-0.08,2.99
2023-10-17,3036,13.24,13.33,13.35,13.06,14594,20043736.0,2.19,0.6,0.08,2.57
2023-10-18,3036,13.28,13.05,13.28,13.02,13918,18967396.14,1.95,-2.1,-0.28,2.45
2023-10-19,3036,12.97,12.89,13.2,12.86,14779,20023786.0,2.61,-1.23,-0.16,2.61
2023-10-20,3036,12.86,12.88,13.12,12.77,14393,19372416.0,2.72,-0.08,-0.01,2.54
2023-10-23,3036,12.96,12.39,13.03,12.32,46727,61154643.64,5.51,-3.8,-0.49,8.24
2023-10-24,3036,12.48,12.91,12.93,12.48,71443,95163581.71,3.63,4.2,0.52,12.6
2023-10-25,3036,12.01,11.62,12.01,11.57,100018,121514596.36,3.41,-9.99,-1.29,17.64
2023-10-26,3036,11.53,11.53,11.65,11.18,76581,91334701.48,4.04,-0.77,-0.09,13.5
2023-10-27,3036,11.37,11.69,11.75,11.37,51728,62890833.33,3.3,1.39,0.16,9.12
2023-10-30,3036,11.71,12.01,12.38,11.67,53956,67441071.22,6.07,2.74,0.32,9.51
2023-10-31,3036,11.91,11.79,12.1,11.67,40164,49893918.0,3.58,-1.83,-0.22,7.08
2023-11-01,3036,11.83,11.94,12.01,11.74,32615,40562309.68,2.29,1.27,0.15,5.75
2023-11-02,3036,11.94,11.97,12.11,11.89,24875,31137676.44,1.84,0.25,0.03,4.39
2023-11-03,3036,11.88,12.27,12.35,11.88,42125,53781999.98,3.93,2.51,0.3,7.43
2023-11-06,3036,12.29,12.26,12.44,12.14,23141,29556565.0,2.44,-0.08,-0.01,4.08
2023-11-07,3036,12.18,12.3,12.37,12.17,21874,28064689.0,1.63,0.33,0.04,3.86
2023-11-08,3036,12.32,12.27,12.4,12.23,17984,23104790.44,1.38,-0.24,-0.03,3.17
2023-11-09,3036,12.32,12.18,12.33,12.1,21945,27947914.3,1.87,-0.73,-0.09,3.87
2023-11-10,3036,12.13,12.16,12.22,12.04,19523,24770399.0,1.48,-0.16,-0.02,3.44
2023-11-13,3036,12.22,12.25,12.26,12.09,22157,28171294.0,1.4,0.74,0.09,3.91
2023-11-14,3036,12.22,12.37,12.38,12.21,22878,29383099.5,1.39,0.98,0.12,4.03
2023-11-15,3036,12.43,12.39,12.48,12.27,20725,26781446.5,1.7,0.16,0.02,3.65
2023-11-16,3036,12.42,12.28,12.44,12.28,17228,22182387.2,1.29,-0.89,-0.11,3.04
2023-11-17,3036,12.24,12.37,12.4,12.17,19592,25212163.0,1.87,0.73,0.09,3.46
2023-11-20,3036,12.42,12.68,12.71,12.4,43780,57419716.46,2.51,2.51,0.31,7.72
2023-11-21,3036,12.68,12.52,12.78,12.46,28467,37448350.0,2.52,-1.26,-0.16,5.02
2023-11-22,3036,12.47,12.47,12.61,12.45,23080,30139188.4,1.28,-0.4,-0.05,4.07
2023-11-23,3036,12.54,12.47,12.54,12.42,17017,22149056.0,0.96,0.0,0.0,3.0
2023-11-24,3036,12.49,12.32,12.53,12.17,18197,23424016.0,2.89,-1.2,-0.15,3.21
2023-11-27,3036,12.31,12.35,12.39,12.16,19135,24528480.0,1.87,0.24,0.03,3.37
2023-11-28,3036,12.31,12.57,12.64,12.28,19360,25294871.7,2.91,1.78,0.22,3.41
2023-11-29,3036,12.62,12.54,12.72,12.47,13401,17593773.0,1.99,-0.24,-0.03,2.36
2023-11-30,3036,12.56,12.46,12.61,12.34,15891,20644407.39,2.15,-0.64,-0.08,2.8
2023-12-01,3036,12.48,12.39,12.48,12.27,20208,26117244.0,1.69,-0.56,-0.07,3.56
2023-12-04,3036,12.4,12.51,12.55,12.28,21215,27510333.24,2.18,0.97,0.12,3.74
2023-12-05,3036,12.86,12.3,12.88,12.27,25733,33490103.0,4.88,-1.68,-0.21,4.54
2023-12-06,3036,12.26,12.34,12.54,12.16,23786,30775042.0,3.09,0.33,0.04,4.19
2023-12-07,3036,12.54,12.27,12.54,12.16,19042,24396654.0,3.08,-0.57,-0.07,3.36
2023-12-08,3036,12.27,11.9,12.35,11.87,14744,18566550.0,3.91,-3.02,-0.37,2.6
2023-12-11,3036,11.83,11.95,12.16,11.75,19780,24753423.86,3.45,0.42,0.05,3.49
2023-12-12,3036,12.06,12.0,12.06,11.81,12187,15177510.0,2.09,0.42,0.05,2.15
2023-12-13,3036,11.97,12.16,12.27,11.89,14217,17987187.7,3.17,1.33,0.16,2.51
2023-12-14,3036,12.13,12.02,12.21,12.01,12632,15958560.0,1.64,-1.15,-0.14,2.23
2023-12-15,3036,12.01,12.07,12.21,11.97,18203,22963582.0,2.0,0.42,0.05,3.21
2023-12-18,3036,12.03,11.93,12.12,11.86,13874,17378084.0,2.15,-1.16,-0.14,2.45
2023-12-19,3036,11.93,12.01,12.1,11.71,20412,25411218.0,3.27,0.67,0.08,3.6
2023-12-20,3036,12.06,12.0,12.3,11.97,14984,19010995.0,2.75,-0.08,-0.01,2.64
2023-12-21,3036,11.94,12.14,12.18,11.6,16476,20557828.7,4.83,1.17,0.14,2.91
2023-12-22,3036,12.13,12.1,12.18,11.99,16829,21250827.0,1.57,-0.33,-0.04,2.97
2023-12-25,3036,12.07,12.03,12.13,11.82,26638,33273458.0,2.56,-0.58,-0.07,4.7
2023-12-26,3036,11.98,11.72,12.07,11.64,18951,23342200.0,3.57,-2.58,-0.31,3.34
2023-12-27,3036,11.74,11.83,11.92,11.52,11116,13682608.0,3.41,0.94,0.11,1.96
2023-12-28,3036,11.84,12.25,12.25,11.73,23630,29866339.0,4.4,3.55,0.42,4.17
2023-12-29,3036,12.88,11.86,13.16,11.67,90434,113873132.6,12.16,-3.18,-0.39,15.95
2024-01-02,3036,11.95,12.31,12.56,11.84,84964,107823798.92,6.07,3.79,0.45,15.22
2024-01-03,3036,12.36,12.05,12.55,11.91,45405,57493123.1,5.2,-2.11,-0.26,8.13
2024-01-04,3036,12.05,12.11,12.14,11.92,28594,35991692.1,1.83,0.5,0.06,5.12
2024-01-05,3036,12.11,11.93,12.33,11.85,33295,42031643.0,3.96,-1.49,-0.18,5.96
2024-01-08,3036,11.99,11.77,12.03,11.75,22301,27670714.0,2.35,-1.34,-0.16,3.99
2024-01-09,3036,11.67,12.01,12.16,11.67,29139,36591154.0,4.16,2.04,0.24,5.22
2024-01-10,3036,11.98,11.67,12.11,11.58,37620,46415292.0,4.41,-2.83,-0.34,6.74
2024-01-11,3036,11.63,11.92,12.0,11.63,24073,29767656.0,3.17,2.14,0.25,4.31
2024-01-12,3036,11.91,11.92,12.19,11.85,20230,25449737.0,2.85,0.0,0.0,3.62
2024-01-15,3036,11.84,11.8,11.93,11.73,18955,23399864.0,1.68,-1.01,-0.12,3.4
2024-01-16,3036,11.9,11.62,11.9,11.45,18460,22413153.0,3.81,-1.53,-0.18,3.31
2024-01-17,3036,11.6,11.41,11.69,11.39,15607,18816725.05,2.58,-1.81,-0.21,2.8
2024-01-18,3036,11.31,11.6,11.63,11.06,37944,44789130.0,5.0,1.67,0.19,6.8
2024-01-19,3036,11.38,11.64,11.68,11.21,58299,70094225.0,4.05,0.34,0.04,10.44
2024-01-22,3036,11.56,11.11,12.41,10.79,68467,81975082.0,13.92,-4.55,-0.53,12.27
2024-01-23,3036,10.71,10.46,11.47,10.43,108978,123908890.06,9.36,-5.85,-0.65,19.52
2024-01-24,3036,10.29,9.96,10.65,9.47,100765,105626176.18,11.28,-4.78,-0.5,18.05
2024-01-25,3036,9.96,10.64,10.73,9.85,85787,92783711.02,8.84,6.83,0.68,15.37
2024-01-26,3036,10.63,10.6,11.19,10.51,54509,61574351.7,6.39,-0.38,-0.04,9.76
2024-01-29,3036,10.46,10.06,10.56,10.04,37105,40122890.3,4.91,-5.09,-0.54,1.75
2024-01-30,3036,9.76,9.41,10.06,9.37,39155,39939298.12,6.86,-6.46,-0.65,1.85
2024-01-31,3036,9.26,8.85,9.63,8.81,44948,43446106.48,8.71,-5.95,-0.56,2.12
2024-02-01,3036,8.81,8.62,8.9,8.38,34363,31407270.0,5.88,-2.6,-0.23,1.62
2024-02-02,3036,8.5,7.99,8.72,7.7,50721,44525678.27,11.83,-7.31,-0.63,2.39
2024-02-05,3036,7.99,7.14,8.01,7.14,18722,14739008.0,10.89,-10.64,-0.85,0.88
2024-02-06,3036,6.61,6.64,6.81,6.37,98183,69102452.05,6.16,-7.0,-0.5,4.63
2024-02-07,3036,6.65,5.93,6.69,5.92,105550,69545455.79,11.6,-10.69,-0.71,4.97
2024-02-08,3036,5.81,6.58,6.58,5.56,101653,68358707.92,17.2,10.96,0.65,4.79
2024-02-19,3036,6.64,7.11,7.16,6.64,75767,56767127.33,7.9,8.05,0.53,3.57
2024-02-20,3036,7.15,7.23,7.34,6.96,44276,34137205.54,5.34,1.69,0.12,2.09
2024-02-21,3036,7.22,7.56,7.93,7.12,54216,44069321.89,11.2,4.56,0.33,2.55
2024-02-22,3036,7.65,7.87,7.87,7.56,46361,38344365.5,4.1,4.1,0.31,2.18
2024-02-23,3036,7.91,8.12,8.25,7.81,49200,41872948.5,5.59,3.18,0.25,2.32
2024-02-26,3036,8.31,8.49,8.81,8.21,64754,58371774.35,7.39,4.56,0.37,3.05
2024-02-27,3036,8.45,8.81,8.81,8.32,45258,41736517.18,5.77,3.77,0.32,2.13
2024-02-28,3036,8.86,7.88,8.96,7.88,78146,69494150.0,12.26,-10.56,-0.93,3.68
2024-02-29,3036,7.74,8.27,8.29,7.65,52389,45030637.7,8.12,4.95,0.39,2.47
2024-03-01,3036,8.27,8.33,8.41,8.09,30545,26915469.0,3.87,0.73,0.06,1.44
2024-03-04,3036,8.38,8.36,8.46,8.16,34950,30928569.0,3.6,0.36,0.03,1.65
2024-03-05,3036,8.27,8.06,8.3,8.03,25300,21917079.1,3.23,-3.59,-0.3,1.19
2024-03-06,3036,8.09,8.24,8.35,7.98,23026,20068655.0,4.59,2.23,0.18,1.09
2024-03-07,3036,8.38,8.34,8.55,8.26,29769,26587426.5,3.52,1.21,0.1,1.4
2024-03-08,3036,8.32,8.37,8.49,8.28,20121,17960850.0,2.52,0.36,0.03,0.95
2024-03-11,3036,8.4,8.58,8.62,8.35,29042,26324894.0,3.23,2.51,0.21,1.37
2024-03-12,3036,8.61,8.74,8.76,8.45,27710,25254224.16,3.61,1.86,0.16,1.31
2024-03-13,3036,8.66,8.72,8.83,8.61,19703,18243229.0,2.52,-0.23,-0.02,0.93
2024-03-14,3036,8.74,8.62,8.78,8.5,19378,17848667.57,3.21,-1.15,-0.1,0.91
2024-03-15,3036,8.62,8.86,8.87,8.56,21330,19792892.0,3.6,2.78,0.24,1.01
2024-03-18,3036,8.91,9.22,9.22,8.91,25348,24356409.0,3.5,4.06,0.36,1.19
2024-03-19,3036,9.22,9.27,9.33,9.17,21765,21301301.8,1.74,0.54,0.05,1.03
2024-03-20,3036,9.28,9.38,9.4,9.23,16911,16682326.0,1.83,1.19,0.11,0.8
2024-03-21,3036,9.26,9.54,9.65,9.26,29762,29921182.08,4.16,1.71,0.16,1.4
2024-03-22,3036,9.56,9.25,9.56,9.19,26587,26222361.54,3.88,-3.04,-0.29,1.25
2024-03-25,3036,9.2,9.13,9.54,9.01,37480,36915742.1,5.73,-1.3,-0.12,1.77
2024-03-26,3036,9.31,9.13,9.31,8.88,18537,17759561.0,4.71,0.0,0.0,0.87
2024-03-27,3036,9.12,8.88,9.25,8.88,19554,18717202.0,4.05,-2.74,-0.25,0.92
2024-03-28,3036,9.02,9.16,9.29,8.81,22643,21897520.55,5.41,3.15,0.28,1.07
2024-03-29,3036,9.11,9.16,9.28,9.03,22535,21863750.02,2.73,0.0,0.0,1.06
2024-04-01,3036,9.26,9.46,9.47,9.15,27655,27312457.11,3.49,3.28,0.3,1.3
2024-04-02,3036,9.46,9.67,9.67,9.46,19464,19692833.4,2.22,2.22,0.21,0.92
2024-04-03,3036,9.68,9.56,9.75,9.43,19633,19853245.84,3.31,-1.14,-0.11,0.93
2024-04-08,3036,9.62,9.63,10.35,9.42,54104,55383373.1,9.73,0.73,0.07,2.55
2024-04-09,3036,9.66,9.37,10.02,9.27,56789,56641191.14,7.79,-2.7,-0.26,2.68
2024-04-10,3036,9.32,9.07,9.64,8.96,52710,51167657.0,7.26,-3.2,-0.3,2.48
2024-04-11,3036,8.97,9.05,9.21,8.75,28509,27400616.0,5.07,-0.22,-0.02,1.34
2024-04-12,3036,9.11,9.06,9.29,9.05,29196,28378843.8,2.65,0.11,0.01,1.38
2024-04-15,3036,9.08,8.44,9.22,8.26,53678,49295395.67,10.6,-6.84,-0.62,2.53
2024-04-16,3036,8.46,7.54,8.46,7.54,59114,48530102.0,10.9,-10.66,-0.9,2.79
2024-04-17,3036,7.57,8.13,8.17,7.57,58185,49606982.7,7.96,7.82,0.59,2.74
2024-04-18,3036,8.08,8.15,8.4,7.88,38612,33508570.6,6.4,0.25,0.02,1.82
2024-04-19,3036,8.14,8.01,8.26,7.96,24616,21191027.0,3.68,-1.72,-0.14,1.16
2024-04-22,3036,8.01,7.79,8.11,7.69,31854,26648654.0,5.24,-2.75,-0.22,1.5
2024-04-23,3036,7.86,8.09,8.31,7.74,47602,40940666.0,7.32,3.85,0.3,2.24
2024-04-24,3036,8.01,8.27,8.34,8.01,26641,23357928.0,4.08,2.22,0.18,1.26
2024-04-25,3036,8.27,8.42,8.52,8.19,29590,26454603.05,3.99,1.81,0.15,1.39
2024-04-26,3036,8.47,8.43,8.54,8.21,37069,33098558.52,3.92,0.12,0.01,1.75
2024-04-29,3036,8.5,8.89,8.93,8.5,39508,36549875.64,5.1,5.46,0.46,1.86
2024-04-30,3036,8.91,8.95,9.06,8.76,38369,36419453.0,3.37,0.67,0.06,1.81
2024-05-06,3036,9.03,9.45,9.46,8.94,39007,38287344.75,5.81,5.59,0.5,1.84
2024-05-07,3036,9.42,9.45,9.45,9.21,31413,30999781.97,2.54,0.0,0.0,1.48
2024-05-08,3036,9.37,9.31,9.5,9.28,17205,17030324.0,2.33,-1.48,-0.14,0.81
2024-05-09,3036,9.41,9.44,9.48,9.27,19721,19619866.0,2.26,1.4,0.13,0.93
2024-05-10,3036,9.49,9.38,9.65,9.34,35086,35265388.0,3.28,-0.64,-0.06,1.65
2024-05-13,3036,9.36,8.98,9.36,8.96,32046,30867109.82,4.26,-4.26,-0.4,1.51
2024-05-14,3036,9.04,9.33,9.38,8.97,28461,27713079.0,4.57,3.9,0.35,1.34
2024-05-15,3036,9.33,9.28,9.45,9.12,23218,22906791.7,3.54,-0.54,-0.05,1.09
2024-05-16,3036,9.36,9.37,9.5,9.29,17916,17782574.0,2.26,0.97,0.09,0.84
2024-05-17,3036,9.38,9.46,9.49,9.33,19263,19199320.0,1.71,0.96,0.09,0.91
2024-05-20,3036,9.46,9.41,9.56,9.35,25406,25272903.0,2.22,-0.53,-0.05,1.2
2024-05-21,3036,9.4,9.28,9.4,9.22,18594,18253764.0,1.91,-1.38,-0.13,0.88
2024-05-22,3036,9.23,9.42,9.49,9.2,24060,23867673.0,3.13,1.51,0.14,1.13
2024-05-23,3036,9.48,9.1,9.48,8.99,31115,28808188.0,5.2,-3.4,-0.32,1.47
2024-05-24,3036,9.13,9.04,9.24,8.97,18334,16934208.0,2.97,-0.66,-0.06,0.86
2024-05-27,3036,9.12,9.06,9.12,8.89,18110,16488671.0,2.54,0.22,0.02,0.85
2024-05-28,3036,9.03,8.92,9.07,8.9,12804,11664427.0,1.88,-1.55,-0.14,0.6
2024-05-29,3036,8.98,9.03,9.1,8.9,12589,11508172.8,2.24,1.23,0.11,0.59
2024-05-30,3036,8.96,8.97,9.1,8.92,9525,8689837.0,1.99,-0.66,-0.06,0.45
2024-05-31,3036,9.13,9.06,9.13,8.88,22186,20249137.0,2.79,1.0,0.09,1.05
2024-06-03,3036,9.08,8.74,9.08,8.61,27305,24423524.0,5.19,-3.53,-0.32,1.29
2024-06-04,3036,8.69,8.62,8.74,8.39,25530,22145651.0,4.0,-1.37,-0.12,1.2
2024-06-05,3036,8.56,8.33,8.57,8.3,15923,13594452.0,3.13,-3.36,-0.29,0.75
2024-06-06,3036,8.34,7.64,8.41,7.56,49958,39584838.16,10.2,-8.28,-0.69,2.35
2024-06-07,3036,7.72,8.06,8.14,7.72,32044,25998980.0,5.5,5.5,0.42,1.51
2024-06-11,3036,8.06,8.07,8.11,7.77,26016,20985334.0,4.22,0.12,0.01,1.23
2024-06-12,3036,8.07,8.25,8.28,7.94,17426,14471948.0,4.21,2.23,0.18,0.82
2024-06-13,3036,8.26,8.22,8.33,8.08,14457,12022567.0,3.03,-0.36,-0.03,0.68
2024-06-14,3036,8.22,8.19,8.26,8.0,12162,10077441.0,3.16,-0.36,-0.03,0.57
2024-06-17,3036,8.13,7.99,8.22,7.93,22018,17962191.5,3.54,-2.44,-0.2,1.04
2024-06-18,3036,7.95,8.2,8.26,7.95,22068,18123486.92,3.88,2.63,0.21,1.04
2024-06-19,3036,8.22,8.14,8.28,8.1,12889,10717199.0,2.2,-0.73,-0.06,0.61
2024-06-20,3036,8.18,7.94,8.21,7.91,10182,8275421.0,3.69,-2.46,-0.2,0.48
2024-06-21,3036,7.9,7.92,8.0,7.75,14098,11309046.0,3.15,-0.25,-0.02,0.66
2024-06-24,3036,7.81,7.35,7.94,7.34,29473,22433070.55,7.58,-7.2,-0.57,1.39
2024-06-25,3036,7.47,7.56,7.68,7.42,20149,15435311.56,3.54,2.86,0.21,0.95
2024-06-26,3036,7.61,7.95,7.97,7.51,23460,18493339.0,6.08,5.16,0.39,1.11
2024-06-27,3036,7.96,7.78,8.05,7.75,16616,13313549.0,3.77,-2.14,-0.17,0.78
2024-06-28,3036,7.8,7.87,7.98,7.75,14898,11933845.85,2.96,1.16,0.09,0.69
2024-07-01,3036,7.85,7.93,8.1,7.7,17862,14225832.0,5.08,0.76,0.06,0.83
2024-07-02,3036,7.96,7.94,8.01,7.83,13311,10721249.0,2.27,0.13,0.01,0.62
2024-07-03,3036,7.95,7.88,8.02,7.81,10351,8297709.24,2.64,-0.76,-0.06,0.48
2024-07-04,3036,7.95,7.48,7.95,7.4,22976,17692703.0,6.98,-5.08,-0.4,1.06
2024-07-05,3036,7.42,7.55,7.56,7.31,15683,11867149.0,3.34,0.94,0.07,0.73
2024-07-08,3036,7.57,7.26,7.61,7.19,17997,13356420.16,5.56,-3.84,-0.29,0.83
2024-07-09,3036,7.23,7.37,7.42,7.08,19365,14312094.0,4.68,1.52,0.11,0.9
2024-07-10,3036,7.37,7.27,7.44,7.24,10968,8165988.0,2.71,-1.36,-0.1,0.51
2024-07-11,3036,7.38,7.68,7.74,7.38,21166,16325944.85,4.95,5.64,0.41,0.98
2024-07-12,3036,7.7,7.61,7.77,7.53,13021,10107282.0,3.13,-0.91,-0.07,0.6
2024-07-15,3036,7.75,7.31,7.75,7.28,22559,16870235.0,6.18,-3.94,-0.3,1.04
2024-07-16,3036,7.31,7.16,7.39,7.15,16983,12459380.7,3.28,-2.05,-0.15,0.79
2024-07-17,3036,7.19,7.06,7.24,7.04,17883,12932231.0,2.79,-1.4,-0.1,0.83
2024-07-18,3036,7.05,7.14,7.17,6.84,27377,19516489.49,4.67,1.13,0.08,1.27
2024-07-19,3036,7.16,7.18,7.23,6.97,17527,12669211.0,3.64,0.56,0.04,0.81
2024-07-22,3036,7.13,7.26,7.3,7.12,13958,10237848.0,2.51,1.11,0.08,0.65
2024-07-23,3036,7.29,7.18,7.4,7.15,15878,11754282.0,3.44,-1.1,-0.08,0.74
2024-07-24,3036,6.87,6.97,7.2,6.87,23575,16865847.15,4.6,-2.92,-0.21,1.09
2024-07-25,3036,7.0,7.07,7.21,6.88,16852,12054304.0,4.73,1.43,0.1,0.78
2024-07-26,3036,7.07,7.32,7.34,7.07,22313,16475887.72,3.82,3.54,0.25,1.03
2024-07-29,3036,7.38,7.3,7.41,7.19,16769,12421177.0,3.01,-0.27,-0.02,0.78
2024-07-30,3036,7.27,7.32,7.37,7.17,12161,9005502.0,2.74,0.27,0.02,0.56
2024-07-31,3036,7.3,7.61,7.62,7.26,18608,14182560.0,4.92,3.96,0.29,0.86
2024-08-01,3036,7.63,7.68,7.74,7.61,19097,14903661.0,1.71,0.92,0.07,0.88
2024-08-02,3036,7.66,7.61,7.78,7.56,18026,13993134.0,2.86,-0.91,-0.07,0.83
2024-08-05,3036,7.58,7.41,7.67,7.4,18220,13945610.0,3.55,-2.63,-0.2,0.84
2024-08-06,3036,7.45,7.57,7.6,7.43,17065,13011564.0,2.29,2.16,0.16,0.79
2024-08-07,3036,7.57,7.64,7.73,7.47,17960,13943822.0,3.43,0.92,0.07,0.83
2024-08-08,3036,7.67,7.62,7.68,7.46,14203,10921207.0,2.88,-0.26,-0.02,0.66
2024-08-09,3036,7.63,7.57,7.69,7.53,11393,8782352.05,2.1,-0.66,-0.05,0.53
2024-08-12,3036,7.54,7.51,7.61,7.46,10406,7956761.0,1.98,-0.79,-0.06,0.48
2024-08-13,3036,7.55,7.57,7.6,7.41,9889,7546366.0,2.53,0.8,0.06,0.46
2024-08-14,3036,7.59,7.5,7.67,7.47,10394,7961776.0,2.64,-0.92,-0.07,0.48
2024-08-15,3036,7.46,7.53,7.61,7.38,14558,11126111.0,3.07,0.4,0.03,0.67
2024-08-16,3036,7.55,7.53,7.61,7.48,11159,8554831.0,1.73,0.0,0.0,0.52
2024-08-19,3036,7.53,7.4,7.57,7.39,11296,8557016.0,2.39,-1.73,-0.13,0.52
2024-08-20,3036,7.55,7.21,7.55,7.14,16005,11811301.22,5.54,-2.57,-0.19,0.74
2024-08-21,3036,7.33,7.2,7.33,7.08,13539,9874629.0,3.47,-0.14,-0.01,0.63
2024-08-22,3036,7.21,7.07,7.26,7.03,11310,8206057.97,3.19,-1.81,-0.13,0.52
2024-08-23,3036,7.08,6.86,7.14,6.84,27278,19289503.72,4.24,-2.97,-0.21,1.26
2024-08-26,3036,6.84,7.16,7.27,6.82,40571,29420941.86,6.56,4.37,0.3,1.88
2024-08-27,3036,7.23,7.02,7.23,6.97,18336,13147613.15,3.63,-1.96,-0.14,0.85
2024-08-28,3036,7.09,7.18,7.33,6.94,17251,12577494.53,5.56,2.28,0.16,0.8
2024-08-29,3036,7.22,7.32,7.34,7.06,17255,12635013.35,3.9,1.95,0.14,0.8
2024-08-30,3036,7.32,7.4,7.51,7.23,18213,13708414.5,3.83,1.09,0.08,0.84
2024-09-02,3036,7.36,7.41,7.52,7.33,18576,14065685.23,2.57,0.14,0.01,0.86
2024-09-03,3036,7.41,7.43,7.5,7.3,12107,9129210.87,2.7,0.27,0.02,0.56
2024-09-04,3036,7.43,7.37,7.46,7.29,17000,12733675.0,2.29,-0.81,-0.06,0.79
2024-09-05,3036,7.39,7.44,7.48,7.31,14246,10726157.0,2.31,0.95,0.07,0.66
2024-09-06,3036,7.45,7.28,7.49,7.28,15452,11555774.0,2.82,-2.15,-0.16,0.72
2024-09-09,3036,7.24,7.28,7.36,7.17,14161,10468960.0,2.61,0.0,0.0,0.66
2024-09-10,3036,7.29,7.39,7.43,7.24,12897,9629762.0,2.61,1.51,0.11,0.6
2024-09-11,3036,7.32,7.43,7.48,7.28,15686,11849269.9,2.71,0.54,0.04,0.73
2024-09-12,3036,7.39,7.44,7.57,7.38,13111,9956801.55,2.56,0.13,0.01,0.61
2024-09-13,3036,7.4,7.41,7.49,7.39,14642,11053927.0,1.34,-0.4,-0.03,0.68
2024-09-18,3036,7.38,7.57,7.58,7.35,37566,28473294.0,3.1,2.16,0.16,1.74
2024-09-19,3036,7.65,7.93,8.34,7.03,125341,98206000.52,17.31,4.76,0.36,5.8
2024-09-20,3036,7.5,7.81,7.83,7.49,127410,98780180.02,4.29,-1.51,-0.12,5.9
2024-09-23,3036,7.69,7.69,7.9,7.62,66354,52056268.5,3.59,-1.54,-0.12,3.07
2024-09-24,3036,7.68,7.75,7.76,7.45,74112,57406108.04,4.03,0.78,0.06,3.43
2024-09-25,3036,7.72,7.71,7.92,7.65,80608,63743469.06,3.48,-0.52,-0.04,3.73
2024-09-26,3036,7.64,7.87,7.87,7.62,60920,47999902.2,3.24,2.08,0.16,2.82
2024-09-27,3036,7.96,8.22,8.3,7.83,71864,58740890.68,5.97,4.45,0.35,3.33
2024-09-30,3036,8.53,8.99,9.03,8.22,86554,75438970.53,9.85,9.37,0.77,4.01
2024-10-08,3036,9.9,9.46,9.9,8.99,89638,85322654.0,10.12,5.23,0.47,4.15
2024-10-09,3036,9.31,8.5,9.31,8.5,55645,49656260.47,8.56,-10.15,-0.96,2.58
2024-10-10,3036,8.54,8.57,8.76,8.39,36190,31505587.0,4.35,0.82,0.07,1.68
2024-10-11,3036,8.49,8.2,8.56,8.13,31796,26910931.23,5.02,-4.32,-0.37,1.47
2024-10-14,3036,8.35,8.39,8.43,8.21,30321,25661097.0,2.68,2.32,0.19,1.4
2024-10-15,3036,8.37,8.23,8.41,8.22,18151,15332612.0,2.26,-1.91,-0.16,0.84
2024-10-16,3036,8.19,8.62,8.67,8.19,45644,39302229.0,5.83,4.74,0.39,2.11
2024-10-17,3036,8.6,8.38,8.69,8.36,30377,26199293.0,3.83,-2.78,-0.24,1.41
2024-10-18,3036,8.28,8.46,8.54,8.28,33744,28955803.02,3.1,0.95,0.08,1.56
2024-10-21,3036,8.52,8.6,8.86,8.37,55036,47849639.89,5.79,1.65,0.14,2.55
2024-10-22,3036,8.62,8.67,8.72,8.51,37940,33223820.0,2.44,0.81,0.07,1.76
2024-10-23,3036,8.66,8.63,8.73,8.57,28191,24757898.04,1.85,-0.46,-0.04,1.31
2024-10-24,3036,8.56,8.61,8.68,8.54,17872,15601241.0,1.62,-0.23,-0.02,0.83
2024-10-25,3036,8.63,8.75,8.76,8.6,28377,25085769.78,1.86,1.63,0.14,1.31
2024-10-28,3036,8.75,8.97,9.0,8.68,34496,31126944.0,3.66,2.51,0.22,1.6
2024-10-29,3036,8.83,8.64,8.92,8.6,41338,36504737.0,3.57,-3.68,-0.33,1.91
2024-10-30,3036,8.64,8.53,8.67,8.36,33251,28763949.08,3.59,-1.27,-0.11,1.54
2024-10-31,3036,8.53,8.78,8.82,8.5,37869,33424470.56,3.75,2.93,0.25,1.75
2024-11-01,3036,8.82,8.55,8.86,8.49,32414,28306177.17,4.21,-2.62,-0.23,1.5
2024-11-04,3036,8.58,9.13,9.42,8.48,88025,80270169.09,10.99,6.78,0.58,4.08
2024-11-05,3036,9.14,9.08,9.23,8.92,72422,66226552.22,3.4,-0.55,-0.05,3.35
2024-11-06,3036,9.07,9.02,9.17,8.85,48235,44226947.0,3.52,-0.66,-0.06,2.23
2024-11-07,3036,8.97,9.14,9.14,8.95,36591,33620671.7,2.11,1.33,0.12,1.69
2024-11-08,3036,9.19,9.05,9.33,8.99,32359,29784619.21,3.72,-0.98,-0.09,1.5
2024-11-11,3036,8.98,9.27,9.27,8.98,33811,31330750.25,3.2,2.43,0.22,1.57
2024-11-12,3036,9.28,9.81,9.83,9.24,73106,70648216.76,6.36,5.83,0.54,3.38
2024-11-13,3036,9.7,9.54,10.27,9.35,63565,62160491.64,9.38,-2.75,-0.27,2.94
2024-11-14,3036,9.56,9.19,9.58,9.1,36081,34018187.05,5.03,-3.67,-0.35,1.67
2024-11-15,3036,9.13,9.0,9.24,8.95,22210,20502376.72,3.16,-2.07,-0.19,1.03
2024-11-18,3036,8.99,8.7,9.1,8.64,29827,26659226.1,5.11,-3.33,-0.3,1.38
2024-11-19,3036,8.8,9.18,9.24,8.66,36324,32947866.09,6.67,5.52,0.48,1.68
2024-11-20,3036,9.14,10.11,10.11,9.12,49986,49357250.82,10.78,10.13,0.93,2.31
2024-11-21,3036,10.45,11.13,11.13,10.45,60654,66678048.0,6.73,10.09,1.02,2.81
2024-11-22,3036,12.26,12.26,12.26,12.26,23858,29536389.7,0.0,10.15,1.13,1.1
2024-11-25,3036,13.5,13.5,13.5,12.03,315216,415115826.0,11.99,10.11,1.24,14.59
2024-11-26,3036,12.4,12.14,12.68,12.14,46521,57849367.46,4.0,-10.07,-1.36,2.15
2024-11-27,3036,10.91,10.91,10.93,10.91,96922,106907204.78,0.16,-10.13,-1.23,4.49
2024-11-28,3036,11.08,10.54,11.33,10.43,188120,205581503.17,8.25,-3.39,-0.37,8.71
2024-11-29,3036,10.38,10.21,10.46,10.0,136473,140591954.5,4.36,-3.13,-0.33,6.32
2024-12-02,3036,10.16,10.55,10.57,10.14,113103,118749484.54,4.21,3.33,0.34,5.24
2024-12-03,3036,10.58,10.5,10.72,10.31,76856,81145678.0,3.89,-0.47,-0.05,3.56
2024-12-04,3036,10.49,10.45,10.67,10.32,77820,82740987.28,3.33,-0.48,-0.05,3.6
2024-12-05,3036,10.51,10.7,10.73,10.44,81002,86549584.01,2.78,2.39,0.25,3.75
2024-12-06,3036,10.68,10.65,10.72,10.47,70139,75147400.0,2.34,-0.47,-0.05,3.25
2024-12-09,3036,10.65,10.76,10.99,10.6,75362,82094004.26,3.66,1.03,0.11,3.49
2024-12-10,3036,10.97,10.82,11.08,10.76,79431,87613629.0,2.97,0.56,0.06,3.68
2024-12-11,3036,10.83,10.83,10.85,10.64,52309,56916030.0,1.94,0.09,0.01,2.42
2024-12-12,3036,10.88,10.83,10.93,10.68,63899,69756970.43,2.31,0.0,0.0,2.96
2024-12-13,3036,10.74,10.87,10.97,10.48,75830,82585266.9,4.52,0.37,0.04,3.51
2024-12-16,3036,10.87,10.99,11.06,10.7,66207,72973005.0,3.31,1.1,0.12,3.07
2024-12-17,3036,10.94,11.15,11.3,10.53,102289,113801156.85,7.01,1.46,0.16,4.74
2024-12-18,3036,11.21,11.26,11.33,10.81,89484,100594097.1,4.66,0.99,0.11,4.14
2024-12-19,3036,11.28,11.42,11.6,11.04,85908,98346240.57,4.97,1.42,0.16,3.98
2024-12-20,3036,11.24,11.56,12.06,11.24,95720,112594467.6,7.18,1.23,0.14,4.43
2024-12-23,3036,11.53,12.39,12.73,11.47,167554,207590685.62,10.9,7.18,0.83,7.76
2024-12-24,3036,12.0,13.07,13.63,11.9,169010,219327252.51,13.96,5.49,0.68,7.82
2024-12-25,3036,12.73,11.77,13.07,11.75,145536,178322950.97,10.1,-9.95,-1.3,6.74
2024-12-26,3036,11.29,11.95,12.06,11.28,93458,111585402.49,6.63,1.53,0.18,4.33
2024-12-27,3036,12.28,12.17,12.37,11.74,92036,111655201.24,5.27,1.84,0.22,4.26
2024-12-30,3036,12.14,12.09,12.47,12.01,64660,79507346.96,3.78,-0.66,-0.08,2.99
2024-12-31,3036,12.01,12.06,12.2,11.61,66595,80476589.0,4.88,-0.25,-0.03,3.08
2025-01-02,3036,12.14,11.84,12.21,11.64,50758,61277531.51,4.73,-1.82,-0.22,2.35
2025-01-03,3036,11.88,10.97,11.99,10.97,59007,67987125.32,8.61,-7.35,-0.87,2.73
2025-01-06,3036,10.82,10.28,10.96,10.04,61680,64867594.65,8.39,-6.29,-0.69,2.86
2025-01-07,3036,10.28,10.65,10.68,10.27,46998,50023010.51,3.99,3.6,0.37,2.18
2025-01-08,3036,10.81,10.79,10.98,10.14,42447,45533533.24,7.89,1.31,0.14,1.96
2025-01-09,3036,10.64,10.92,11.03,10.62,30638,33692966.69,3.8,1.2,0.13,1.42
2025-01-10,3036,10.91,10.92,11.14,10.78,27887,30758129.0,3.3,0.0,0.0,1.29
2025-01-13,3036,10.82,10.9,11.04,10.43,24948,27265797.27,5.59,-0.18,-0.02,1.15
2025-01-14,3036,10.98,11.42,11.49,10.98,33313,38000343.62,4.68,4.77,0.52,1.54
2025-01-15,3036,11.39,12.21,12.42,11.31,64510,78286102.6,9.72,6.92,0.79,2.99
2025-01-16,3036,12.26,12.31,12.51,12.02,73762,91180266.0,4.01,0.82,0.1,3.41
2025-01-17,3036,12.22,12.5,12.6,12.19,38374,48154595.0,3.33,1.54,0.19,1.78
2025-01-20,3036,12.51,12.67,12.76,12.38,37887,48014564.0,3.04,1.36,0.17,1.75
2025-01-21,3036,12.65,12.88,12.97,12.53,52345,67585033.02,3.47,1.66,0.21,2.42
2025-01-22,3036,12.97,12.53,12.97,12.52,51374,65889927.0,3.49,-2.72,-0.35,2.38
2025-01-23,3036,12.82,12.64,13.14,12.63,39118,50955631.0,4.07,0.88,0.11,1.81
2025-01-24,3036,12.57,12.67,12.87,12.48,55639,71332207.0,3.09,0.24,0.03,2.58
2025-01-27,3036,12.76,12.78,13.07,12.68,59463,77568817.0,3.08,0.87,0.11,2.75
2025-02-05,3036,13.05,12.63,13.05,12.4,39163,49832810.34,5.09,-1.17,-0.15,1.81
2025-02-06,3036,12.57,13.43,13.88,12.49,55822,75098271.44,11.01,6.33,0.8,2.58
2025-02-07,3036,13.35,13.63,14.17,13.25,50214,69630881.0,6.85,1.49,0.2,2.32
2025-02-10,3036,13.64,13.81,13.88,13.44,27292,37666821.0,3.23,1.32,0.18,1.26
2025-02-11,3036,13.74,13.77,13.97,13.61,22225,30862111.0,2.61,-0.29,-0.04,1.03
2025-02-12,3036,13.77,13.26,13.84,13.16,45136,61027732.12,4.94,-3.7,-0.51,2.09
2025-02-13,3036,13.35,12.81,13.43,12.75,38275,50335442.0,5.13,-3.39,-0.45,1.77
2025-02-14,3036,12.93,12.69,12.93,12.6,20995,26911584.0,2.58,-0.94,-0.12,0.97
2025-02-17,3036,12.67,12.6,12.72,12.08,52849,66250548.2,5.04,-0.71,-0.09,2.45
2025-02-18,3036,12.58,12.33,12.87,12.27,30359,38334562.0,4.76,-2.14,-0.27,1.41
2025-02-19,3036,12.39,12.53,12.64,12.29,33097,41819874.0,2.84,1.62,0.2,1.53
2025-02-20,3036,12.49,12.47,12.59,12.17,29495,36900856.0,3.35,-0.48,-0.06,1.37
2025-02-21,3036,12.49,12.38,12.77,12.22,51336,64338599.0,4.41,-0.72,-0.09,2.38
2025-02-24,3036,12.28,12.3,12.38,12.03,29898,36803713.0,2.83,-0.65,-0.08,1.38
2025-02-25,3036,12.18,12.15,12.35,12.05,21833,26897898.0,2.44,-1.22,-0.15,1.01
2025-02-26,3036,12.18,12.32,12.44,12.08,22824,28374822.0,2.96,1.4,0.17,1.06
2025-02-27,3036,12.36,12.13,12.45,11.91,31227,38418839.0,4.38,-1.54,-0.19,1.45
2025-02-28,3036,12.05,11.52,12.1,11.5,40326,47938143.0,4.95,-5.03,-0.61,1.87
2025-03-03,3036,11.63,11.48,11.73,11.42,33712,39429628.97,2.69,-0.35,-0.04,1.56
2025-03-04,3036,11.43,11.51,11.69,11.31,22056,25767998.0,3.31,0.26,0.03,1.02
2025-03-05,3036,11.53,11.51,11.6,11.31,17712,20481640.95,2.52,0.0,0.0,0.82
2025-03-06,3036,11.5,11.68,11.91,11.46,42492,50331038.0,3.91,1.48,0.17,1.97
2025-03-07,3036,11.68,11.86,12.23,11.61,54034,65314944.69,5.31,1.54,0.18,2.5
2025-03-10,3036,11.93,11.89,12.0,11.7,33136,39683494.96,2.53,0.25,0.03,1.53
2025-03-11,3036,11.81,12.1,12.33,11.71,46857,56887642.0,5.21,1.77,0.21,2.17
2025-03-12,3036,12.07,12.49,12.77,12.03,70889,89352383.58,6.12,3.22,0.39,3.28
2025-03-13,3036,12.54,12.15,12.71,12.03,36392,44968590.0,5.44,-2.72,-0.34,1.68
2025-03-14,3036,12.16,12.15,12.24,11.78,39739,48440499.7,3.79,0.0,0.0,1.84
2025-03-17,3036,12.18,11.95,12.18,11.79,42310,50966482.0,3.21,-1.65,-0.2,1.96
2025-03-18,3036,12.02,12.3,12.33,11.88,41033,50567114.62,3.77,2.93,0.35,1.9
2025-03-19,3036,12.25,12.46,12.66,12.25,51496,64878042.54,3.33,1.3,0.16,2.38
2025-03-20,3036,12.46,12.64,12.73,12.27,70250,88949134.0,3.69,1.44,0.18,3.25
2025-03-21,3036,12.63,12.86,13.11,12.06,78570,100090027.0,8.31,1.74,0.22,3.64
2025-03-24,3036,12.78,12.9,12.94,12.38,81288,103973686.47,4.35,0.31,0.04,3.76
2025-03-25,3036,12.88,12.61,12.88,12.52,42180,54044730.0,2.79,-2.25,-0.29,1.95
2025-03-26,3036,12.61,13.13,13.16,12.53,61098,79404388.12,5.0,4.12,0.52,2.83
2025-03-27,3036,13.06,13.03,13.18,12.88,34948,45855873.0,2.28,-0.76,-0.1,1.62
2025-03-28,3036,13.03,12.65,13.08,12.43,39994,51536755.5,4.99,-2.92,-0.38,1.85
2025-03-31,3036,12.71,12.29,12.71,12.17,28476,35588002.0,4.27,-2.85,-0.36,1.32
2025-04-01,3036,12.29,12.15,12.43,12.07,28269,34874242.0,2.93,-1.14,-0.14,1.31
2025-04-02,3036,12.16,12.45,12.59,12.04,36602,45881533.56,4.53,2.47,0.3,1.69
2025-04-03,3036,12.4,12.19,12.4,12.04,30642,37707012.0,2.89,-2.09,-0.26,1.42
2025-04-07,3036,11.37,10.96,11.51,10.96,45295,51512368.0,4.51,-10.09,-1.23,2.1
2025-04-08,3036,10.88,10.74,11.01,9.99,38740,41615138.03,9.31,-2.01,-0.22,1.79
2025-04-09,3036,10.47,10.76,10.92,10.12,33832,36114627.0,7.45,0.19,0.02,1.57
2025-04-10,3036,10.89,11.1,11.18,10.85,25661,28559271.25,3.07,3.16,0.34,1.19
2025-04-11,3036,10.91,12.22,12.22,10.91,51290,60706922.0,11.8,10.09,1.12,2.37
2025-04-14,3036,12.22,12.45,12.75,11.95,54199,66847857.0,6.55,1.88,0.23,2.51
2025-04-15,3036,12.39,12.26,12.45,12.11,35662,44264941.5,2.73,-1.53,-0.19,1.65
2025-04-16,3036,12.26,11.9,12.28,11.88,23570,28711909.0,3.26,-2.94,-0.36,1.09
2025-04-17,3036,11.89,12.28,12.44,11.84,27648,34205363.0,5.04,3.19,0.38,1.28
2025-04-18,3036,12.09,12.38,12.41,12.09,16598,20577892.0,2.61,0.81,0.1,0.77
2025-04-21,3036,12.26,12.28,12.43,12.18,21033,26138058.0,2.02,-0.81,-0.1,0.97
2025-04-22,3036,12.3,12.27,12.38,12.19,19878,24679452.0,1.55,-0.08,-0.01,0.92
2025-04-23,3036,12.24,12.5,12.83,12.24,40295,51153245.58,4.81,1.87,0.23,1.87
2025-04-24,3036,12.46,12.17,12.48,12.14,23798,29487147.0,2.72,-2.64,-0.33,1.1
2025-04-25,3036,12.17,12.22,12.33,12.05,26645,32834713.0,2.3,0.41,0.05,1.23
2025-04-28,3036,12.18,12.17,13.45,12.12,95800,122168360.12,10.88,-0.41,-0.05,4.43
2025-04-29,3036,12.26,12.42,12.51,11.58,67987,84099148.0,7.64,2.05,0.25,3.15
2025-04-30,3036,12.64,12.4,12.73,12.3,41251,51766351.0,3.46,-0.16,-0.02,1.91
2025-05-06,3036,12.59,13.65,13.65,12.43,151238,203824932.0,9.84,10.08,1.25,7.0
2025-05-07,3036,13.87,14.38,14.98,13.7,183253,264153539.7,9.38,5.35,0.73,8.48
2025-05-08,3036,14.34,15.24,15.48,14.22,176078,266206888.54,8.76,5.98,0.86,8.15
2025-05-09,3036,15.09,14.58,15.46,14.51,123903,184889852.36,6.23,-4.33,-0.66,5.74
2025-05-12,3036,14.67,14.86,15.13,14.53,70454,104986297.0,4.12,1.92,0.28,3.26
2025-05-13,3036,14.93,14.58,15.06,14.46,57058,84417606.0,4.04,-1.88,-0.28,2.64
2025-05-14,3036,14.68,15.24,16.04,14.68,157754,246018518.34,9.33,4.53,0.66,7.3
2025-05-15,3036,15.13,15.2,15.33,14.7,72637,110293065.0,4.13,-0.26,-0.04,3.36
2025-05-16,3036,15.14,15.31,15.67,15.1,61397,95268804.0,3.75,0.72,0.11,2.84
2025-05-19,3036,16.0,15.64,16.46,14.76,105074,164578607.0,11.1,2.16,0.33,4.86
2025-05-20,3036,15.89,15.89,16.03,15.28,82350,130202242.0,4.8,1.6,0.25,3.81
2025-05-21,3036,15.9,15.84,16.35,15.7,56510,90750212.0,4.09,-0.31,-0.05,2.62
2025-05-22,3036,15.83,15.48,15.91,15.4,40835,64152399.94,3.22,-2.27,-0.36,1.89
2025-05-23,3036,15.54,13.92,15.54,13.92,112984,165328013.0,10.47,-10.08,-1.56,5.23
2025-05-26,3036,13.68,13.61,14.07,13.25,100719,138106772.0,5.89,-2.23,-0.31,4.66
2025-05-27,3036,13.5,13.48,13.61,13.14,57484,77378324.0,3.45,-0.96,-0.13,2.66
2025-05-28,3036,13.45,13.5,13.82,13.45,45322,62038587.0,2.74,0.15,0.02,2.1
2025-05-29,3036,13.5,13.47,13.64,13.39,35862,48853904.0,1.85,-0.22,-0.03,1.66
2025-05-30,3036,13.48,12.95,13.53,12.9,50271,66426692.0,4.68,-3.86,-0.52,2.33
2025-06-03,3036,12.87,12.75,12.98,12.73,36081,46647819.0,1.93,-1.54,-0.2,1.67
2025-06-04,3036,12.81,12.74,12.86,12.59,36520,46810879.0,2.12,-0.08,-0.01,1.69
2025-06-05,3036,12.73,12.86,12.92,12.55,37192,48006641.0,2.9,0.94,0.12,1.72
2025-06-06,3036,12.88,12.73,12.91,12.68,27691,35712150.0,1.79,-1.01,-0.13,1.28
2025-06-09,3036,12.76,12.87,13.06,12.73,30948,40330741.0,2.59,1.1,0.14,1.43
2025-06-10,3036,12.88,12.37,12.94,12.33,55991,70619244.0,4.74,-3.89,-0.5,2.59
2025-06-11,3036,12.38,12.4,12.57,12.32,35989,45233826.0,2.02,0.24,0.03,1.67
2025-06-12,3036,12.44,12.58,12.79,12.33,51793,65491792.0,3.71,1.45,0.18,2.4
2025-06-13,3036,12.56,12.33,12.59,12.29,35389,44395619.0,2.38,-1.99,-0.25,1.64
2025-06-16,3036,12.26,13.58,13.58,12.26,72048,95909654.0,10.71,10.14,1.25,3.33
2025-06-17,3036,13.64,13.6,14.38,13.52,145068,202603909.54,6.33,0.15,0.02,6.71
2025-06-18,3036,13.53,13.97,14.1,13.48,119034,166445392.0,4.56,2.72,0.37,5.51
2025-06-19,3036,13.88,13.83,14.43,13.75,127763,181971400.36,4.87,-1.0,-0.14,5.91
2025-06-20,3036,13.78,14.0,14.19,13.63,76366,107555180.0,4.05,1.23,0.17,3.53
2025-06-23,3036,13.77,14.16,14.16,13.72,56467,79962837.0,3.14,1.14,0.16,2.61
2025-06-24,3036,14.16,14.2,14.31,14.05,52923,75571973.0,1.84,0.28,0.04,2.45
2025-06-25,3036,14.19,14.27,14.49,14.16,51654,74534326.0,2.32,0.49,0.07,2.39
2025-06-26,3036,14.27,13.92,14.27,13.8,46595,65559021.0,3.29,-2.45,-0.35,2.16
2025-06-27,3036,13.98,13.77,14.04,13.68,32149,44292799.0,2.59,-1.08,-0.15,1.49
2025-06-30,3036,13.83,13.77,13.94,13.69,31489,43388562.0,1.82,0.0,0.0,1.46
2025-07-01,3036,13.81,13.95,13.96,13.65,32853,45395691.0,2.25,1.31,0.18,1.52
2025-07-02,3036,13.94,14.13,14.45,13.86,60802,85705157.0,4.23,1.29,0.18,2.81
2025-07-03,3036,14.29,15.2,15.2,14.13,126878,188228117.38,7.57,7.57,1.07,5.87
2025-07-04,3036,15.5,16.72,16.72,15.29,123651,200703403.0,9.41,10.0,1.52,5.72
2025-07-07,3036,16.39,16.15,16.85,15.5,174100,280893392.1,8.07,-3.41,-0.57,8.06
2025-07-08,3036,16.07,16.96,17.3,15.93,168513,281790570.0,8.48,5.02,0.81,7.8
2025-07-09,3036,16.84,16.47,17.45,16.31,114147,191024122.5,6.72,-2.89,-0.49,5.28
2025-07-10,3036,16.47,15.99,16.48,15.8,99981,160780454.87,4.13,-2.91,-0.48,4.63
2025-07-11,3036,16.0,15.79,16.07,15.52,58608,92221940.0,3.44,-1.25,-0.2,2.71
2025-07-14,3036,15.79,15.9,16.16,15.73,53144,84846110.0,2.72,0.7,0.11,2.46
2025-07-15,3036,15.78,15.33,16.15,15.22,67830,105479935.6,5.85,-3.58,-0.57,3.14
2025-07-16,3036,15.38,16.05,16.38,15.37,95753,152684260.0,6.59,4.7,0.72,4.43
2025-07-17,3036,16.11,16.77,17.0,15.88,109568,181561357.0,6.98,4.49,0.72,5.07
2025-07-18,3036,16.68,16.81,17.2,16.34,71653,119610799.5,5.13,0.24,0.04,3.32
2025-07-21,3036,16.97,17.29,17.45,16.86,75706,130008974.0,3.51,2.86,0.48,3.5
2025-07-22,3036,17.24,18.05,18.25,16.95,90813,159228722.68,7.52,4.4,0.76,4.2
2025-07-23,3036,18.14,18.88,19.2,17.75,111988,207947395.35,8.03,4.6,0.83,5.18
2025-07-24,3036,18.78,18.2,18.89,18.1,82555,151164906.44,4.18,-3.6,-0.68,3.82
2025-07-25,3036,18.29,18.25,19.48,17.58,75994,137445650.0,10.44,0.27,0.05,3.52
2025-07-28,3036,18.0,18.02,18.22,17.65,50582,90895158.5,3.12,-1.26,-0.23,2.34
2025-07-29,3036,17.96,18.92,19.0,17.96,74131,137800903.0,5.77,4.99,0.9,3.43
2025-07-30,3036,18.93,18.28,19.05,18.15,49165,91069036.0,4.76,-3.38,-0.64,2.28
2025-07-31,3036,18.28,19.65,19.99,18.18,101004,193140988.4,9.9,7.49,1.37,4.68
2025-08-01,3036,19.44,20.49,20.7,19.44,87098,175731700.53,6.41,4.27,0.84,4.03
2025-08-04,3036,20.34,20.17,20.88,19.84,78862,159975521.03,5.08,-1.56,-0.32,3.65
2025-08-05,3036,20.09,21.26,21.58,19.86,89133,186936909.76,8.53,5.4,1.09,4.13
2025-08-06,3036,21.2,21.8,21.88,20.7,78503,167119279.06,5.55,2.54,0.54,3.63
2025-08-07,3036,21.79,19.62,21.99,19.62,76786,157894535.3,10.87,-10.0,-2.18,3.55
2025-08-08,3036,17.72,18.58,19.25,17.72,129433,240309072.56,7.8,-5.3,-1.04,5.99
2025-08-11,3036,18.8,18.51,19.15,18.01,109363,204046213.06,6.14,-0.38,-0.07,5.06
2025-08-12,3036,18.5,17.64,18.75,17.3,110836,196015106.5,7.83,-4.7,-0.87,5.13
2025-08-13,3036,17.58,17.5,18.07,17.0,90158,157198376.16,6.07,-0.79,-0.14,4.17
2025-08-14,3036,17.5,17.02,17.6,16.91,66867,114464377.57,3.94,-2.74,-0.48,3.1
2025-08-15,3036,17.0,17.16,17.24,16.94,43345,74135684.81,1.76,0.82,0.14,2.01
2025-08-18,3036,17.35,17.17,17.54,17.05,59303,102215018.49,2.86,0.06,0.01,2.74
2025-08-19,3036,17.17,17.4,17.45,16.95,50537,87090153.0,2.91,1.34,0.23,2.34
2025-08-20,3036,17.37,17.26,17.45,17.07,35487,61261369.0,2.18,-0.8,-0.14,1.64
2025-08-21,3036,17.37,17.21,17.57,17.16,46693,80936568.75,2.38,-0.29,-0.05,2.16
2025-08-22,3036,17.25,17.34,17.35,17.02,42482,73083000.06,1.92,0.76,0.13,1.97
2025-08-25,3036,17.4,17.16,17.99,17.03,71145,123443541.96,5.54,-1.04,-0.18,3.29
2025-08-26,3036,17.13,17.26,17.36,16.98,37995,65365321.03,2.21,0.58,0.1,1.76
2025-08-27,3036,17.2,16.35,17.35,16.35,65937,110642081.41,5.79,-5.27,-0.91,3.05
2025-08-28,3036,16.37,16.15,16.53,15.43,61329,97961125.4,6.73,-1.22,-0.2,2.84
2025-08-29,3036,16.27,16.05,16.27,15.99,36244,58436805.46,1.73,-0.62,-0.1,1.68
2025-09-01,3036,16.1,16.11,16.61,16.0,51880,84321747.0,3.8,0.37,0.06,2.4
2025-09-02,3036,16.12,16.11,16.35,15.72,36745,58801783.81,3.91,0.0,0.0,1.7
2025-09-03,3036,16.11,15.3,16.14,15.2,43695,67937845.0,5.83,-5.03,-0.81,2.02
2025-09-04,3036,15.35,15.9,16.45,15.3,70576,112640534.71,7.52,3.92,0.6,3.27
2025-09-05,3036,15.91,16.73,17.18,15.5,85308,141634191.85,10.57,5.22,0.83,3.95
2025-09-08,3036,18.14,18.4,18.4,18.08,123664,227117030.3,1.91,9.98,1.67,5.72
2025-09-09,3036,18.5,20.24,20.24,18.5,57944,113512502.27,9.46,10.0,1.84,2.68
2025-09-10,3036,21.5,19.33,21.5,18.3,251456,489234879.66,15.81,-4.5,-0.91,11.64
2025-09-11,3036,18.85,18.24,18.88,17.67,162210,293919025.03,6.26,-5.64,-1.09,7.51
2025-09-12,3036,18.38,17.76,18.38,17.58,107882,192739212.15,4.39,-2.63,-0.48,4.99
2025-09-15,3036,17.54,17.56,17.87,17.47,77607,136767013.3,2.25,-1.13,-0.2,3.59
2025-09-16,3036,17.51,17.74,17.78,17.4,67481,119064962.67,2.16,1.03,0.18,3.12
2025-09-17,3036,17.64,17.65,18.0,17.56,77512,137646170.31,2.48,-0.51,-0.09,3.59
2025-09-18,3036,17.52,17.1,17.65,16.88,71911,124470262.57,4.36,-3.12,-0.55,3.33
2025-09-19,3036,17.1,16.71,17.24,16.68,43800,73876851.0,3.27,-2.28,-0.39,2.03
2025-09-22,3036,16.66,16.73,16.8,16.43,35406,58874685.0,2.21,0.12,0.02,1.64
2025-09-23,3036,16.71,16.54,16.75,16.02,40845,66704864.0,4.36,-1.14,-0.19,1.89
2025-09-24,3036,16.58,18.19,18.19,16.44,79595,138317768.0,10.58,9.98,1.65,3.68
2025-09-25,3036,18.18,17.64,18.18,17.5,88390,156495924.52,3.74,-3.02,-0.55,4.09
2025-09-26,3036,17.71,17.81,18.28,17.58,79593,142619578.1,3.97,0.96,0.17,3.68
2025-09-29,3036,17.81,17.78,17.96,17.46,51655,91650024.0,2.81,-0.17,-0.03,2.39
2025-09-30,3036,17.89,17.4,17.95,17.33,52577,92539156.42,3.49,-2.14,-0.38,2.43
2025-10-09,3036,17.6,17.37,17.79,17.28,40343,70637557.44,2.93,-0.17,-0.03,1.87
2025-10-10,3036,17.42,17.1,17.45,17.01,35897,61840644.0,2.53,-1.55,-0.27,1.66
2025-10-13,3036,16.32,16.86,16.94,16.06,34348,57156570.72,5.15,-1.4,-0.24,1.59
2025-10-14,3036,16.95,16.46,17.24,16.41,32940,55132794.04,4.92,-2.37,-0.4,1.52
2025-10-15,3036,16.67,16.84,17.02,16.48,35786,60050616.0,3.28,2.31,0.38,1.65
2025-10-16,3036,17.0,16.33,17.0,16.2,29541,48828792.36,4.75,-3.03,-0.51,1.37
2025-10-17,3036,16.41,16.09,16.44,16.08,22058,35797151.5,2.2,-1.47,-0.24,1.02
2025-10-20,3036,16.23,16.48,16.68,16.22,26775,44009907.0,2.86,2.42,0.39,1.24
2025-10-21,3036,16.49,16.57,16.66,16.48,19682,32593677.0,1.09,0.55,0.09,0.91
2025-10-22,3036,16.57,16.55,16.88,16.5,23935,39836459.0,2.29,-0.12,-0.02,1.11
2025-10-23,3036,16.43,16.47,16.52,16.18,17971,29298887.33,2.05,-0.48,-0.08,0.83
2025-10-24,3036,16.5,16.58,16.7,16.38,27014,44690691.0,1.94,0.67,0.11,1.25
2025-10-27,3036,16.58,16.62,16.93,16.48,31467,52284621.0,2.71,0.24,0.04,1.46
2025-10-28,3036,16.46,16.65,16.9,16.41,31551,52682222.5,2.95,0.18,0.03,1.46
2025-10-29,3036,16.65,16.66,16.75,16.3,27926,46130644.0,2.7,0.06,0.01,1.29
2025-10-30,3036,16.62,18.33,18.33,16.43,109236,192309291.75,11.4,10.02,1.67,5.05
2025-10-31,3036,20.16,20.16,20.16,20.16,55935,112765726.08,0.0,9.98,1.83,2.59
2025-11-03,3036,20.9,18.16,21.5,18.14,286475,542499674.55,16.67,-9.92,-2.0,13.25
2025-11-04,3036,17.3,17.14,17.45,16.8,164746,280973055.84,3.58,-5.62,-1.02,7.62
2025-11-05,3036,16.77,16.92,17.05,16.77,92754,156850327.4,1.63,-1.28,-0.22,4.29
2025-11-06,3036,17.09,17.62,18.28,16.92,154656,272114583.31,8.04,4.14,0.7,7.15
2025-11-07,3036,17.6,17.59,17.93,17.26,89107,156333489.96,3.8,-0.17,-0.03,4.12
2025-11-10,3036,17.6,17.68,18.15,17.5,80982,144171401.87,3.7,0.51,0.09,3.74
2025-11-11,3036,17.78,17.91,18.08,17.38,72723,129496642.94,3.96,1.3,0.23,3.36
2025-11-12,3036,17.9,18.09,18.42,17.62,93133,168331349.0,4.47,1.01,0.18,4.31
2025-11-13,3036,18.01,18.21,18.55,17.88,94123,172368074.0,3.7,0.66,0.12,4.35
2025-11-14,3036,18.0,18.5,18.58,18.0,86619,159681610.86,3.19,1.59,0.29,4.01
2025-11-17,3036,18.49,18.02,18.8,18.0,72334,132227221.62,4.32,-2.59,-0.48,3.34
2025-11-18,3036,18.02,17.83,18.26,17.65,53060,94902371.0,3.39,-1.05,-0.19,2.45
2025-11-19,3036,17.76,17.19,17.86,17.11,50032,86682207.83,4.21,-3.59,-0.64,2.31
2025-11-20,3036,17.28,16.65,17.37,16.55,45064,75744929.44,4.77,-3.14,-0.54,2.08
2025-11-21,3036,16.55,16.43,16.88,15.59,81713,132548051.14,7.75,-1.32,-0.22,3.78
2025-11-24,3036,16.48,16.3,16.59,16.05,35065,57000291.75,3.29,-0.79,-0.13,1.62
2025-11-25,3036,16.37,16.57,16.63,16.3,23100,38137952.0,2.02,1.66,0.27,1.07
2025-11-26,3036,16.56,16.39,16.82,16.32,25665,42566790.86,3.02,-1.09,-0.18,1.19
2025-11-27,3036,16.34,16.65,16.72,16.32,23591,39186121.0,2.44,1.59,0.26,1.09
2025-11-28,3036,16.6,17.0,17.13,16.5,33153,56160283.0,3.78,2.1,0.35,1.53
2025-12-01,3036,17.01,16.85,17.1,16.71,32250,54524228.5,2.29,-0.88,-0.15,1.49
2025-12-02,3036,16.85,16.83,16.87,16.52,18262,30470561.36,2.08,-0.12,-0.02,0.84
2025-12-03,3036,16.79,17.12,18.48,16.78,82514,143211959.2,10.12,1.9,0.32,3.82
2025-12-04,3036,17.0,17.45,17.89,16.45,84894,144794124.77,8.41,1.93,0.33,3.93
2025-12-05,3036,17.1,17.2,17.35,16.92,53373,91227681.58,2.46,-1.43,-0.25,2.47
2025-12-08,3036,17.2,16.77,17.21,16.73,53766,91105572.0,2.79,-2.5,-0.43,2.49
2025-12-09,3036,16.71,16.86,17.42,16.65,44349,75440952.29,4.59,0.54,0.09,2.05
2025-12-10,3036,16.77,16.16,16.79,16.08,72956,118923068.07,4.21,-4.15,-0.7,3.37
2025-12-11,3036,16.16,15.9,16.28,15.9,28167,45099885.44,2.35,-1.61,-0.26,1.3
2025-12-12,3036,15.91,15.97,16.16,15.77,26398,42259819.98,2.45,0.44,0.07,1.22
2025-12-15,3036,15.91,15.6,15.91,15.45,24861,38958121.0,2.88,-2.32,-0.37,1.15
2025-12-16,3036,15.51,15.07,15.69,15.05,26927,40972674.0,4.1,-3.4,-0.53,1.25
2025-12-17,3036,15.07,15.19,15.21,14.88,20788,31307481.36,2.19,0.8,0.12,0.96
2025-12-18,3036,15.14,15.3,15.39,15.03,20569,31438784.25,2.37,0.72,0.11,0.95
2025-12-19,3036,15.29,15.88,15.94,15.29,27840,43735653.32,4.25,3.79,0.58,1.29
2025-12-22,3036,15.96,16.23,16.46,15.85,27477,44468394.46,3.84,2.2,0.35,1.27
2025-12-23,3036,16.23,15.89,17.3,15.82,76068,124836359.54,9.12,-2.09,-0.34,3.52
2025-12-24,3036,15.73,15.61,15.98,15.51,49019,76589860.04,2.96,-1.76,-0.28,2.27
2025-12-25,3036,15.61,15.81,15.96,15.5,27029,42647227.54,2.95,1.28,0.2,1.25
2025-12-26,3036,15.8,15.61,15.9,15.52,25626,40062782.0,2.4,-1.27,-0.2,1.18
2025-12-29,3036,15.61,15.68,15.8,15.41,22019,34467050.0,2.5,0.45,0.07,1.02
2025-12-30,3036,15.6,15.62,15.74,15.54,16671,26066474.0,1.28,-0.38,-0.06,0.77
2025-12-31,3036,15.62,15.48,15.62,15.35,17467,27006484.22,1.73,-0.9,-0.14,0.81
2026-01-05,3036,15.91,16.02,16.65,15.65,74451,120312362.98,6.46,3.49,0.54,3.44
2026-01-06,3036,16.02,15.83,16.03,15.76,39372,62456624.0,1.69,-1.19,-0.19,1.82
2026-01-07,3036,15.81,16.02,16.15,15.73,34344,54881760.03,2.65,1.2,0.19,1.59
2026-01-08,3036,16.03,15.96,16.03,15.85,24171,38486799.04,1.12,-0.37,-0.06,1.12
2026-01-09,3036,15.9,15.91,15.93,15.76,30596,48514661.64,1.07,-0.31,-0.05,1.41
2026-01-12,3036,15.95,16.07,16.27,15.69,53196,84730317.6,3.65,1.01,0.16,2.46
2026-01-13,3036,16.12,16.23,16.52,15.86,50120,81342290.16,4.11,1.0,0.16,2.32
2026-01-14,3036,16.28,16.21,16.56,15.91,50356,82141349.02,4.0,-0.12,-0.02,2.33
2026-01-15,3036,16.16,16.3,16.64,16.07,31229,50976523.0,3.52,0.56,0.09,1.44
2026-01-16,3036,16.31,16.15,16.45,16.1,23463,38082202.52,2.15,-0.92,-0.15,1.08
2026-01-19,3036,16.13,16.3,16.4,16.07,29617,48282181.0,2.04,0.93,0.15,1.37
2026-01-20,3036,16.3,16.46,16.51,16.19,30095,49277163.85,1.96,0.98,0.16,1.39
2026-01-21,3036,16.42,16.72,16.79,16.28,41275,68796669.37,3.1,1.58,0.26,1.91
2026-01-22,3036,16.72,17.0,17.2,16.64,59521,100862784.0,3.35,1.67,0.28,2.75
2026-01-23,3036,17.06,16.81,17.16,16.7,42525,71524701.06,2.71,-1.12,-0.19,1.97
2026-01-26,3036,16.84,16.53,16.88,16.3,37830,62581667.0,3.45,-1.67,-0.28,1.75
2026-01-27,3036,16.5,16.27,16.51,15.91,2852300,46091957.0,3.63,-1.57,-0.26,0.0
2026-01-28,003036,16.27,15.93,16.3,15.88,1911881,30603732.87,2.58,-2.09,-0.34,0.0
2026-01-29,003036,15.85,15.82,16.13,15.69,24927,39599056.0,2.76,-0.82,-0.13,1.15
2026-01-30,003036,15.75,15.98,16.0,15.64,22051,34928932.0,2.28,1.01,0.16,1.02
2026-02-02,003036,15.91,16.17,16.45,15.87,41309,67001420.0,3.63,1.19,0.19,1.91
2026-02-03,003036,16.19,16.41,16.48,16.09,31599,51721940.0,2.41,1.48,0.24,1.46
2026-02-04,003036,16.4,16.96,16.98,16.33,56838,95229856.0,3.96,3.35,0.55,2.63
2026-02-05,003036,16.97,18.66,18.66,16.81,105449,187347952.0,10.91,10.02,1.7,4.88
2026-02-06,003036,18.48,17.38,18.48,17.31,201103,359689536.0,6.27,-6.86,-1.28,9.3
2026-02-09,003036,17.5,17.7,17.98,17.3,108523,191663504.0,3.91,1.84,0.32,5.02
2026-02-10,003036,17.69,17.48,18.04,17.48,62229,110264624.0,3.16,-1.24,-0.22,2.88
2026-02-11,003036,17.46,17.67,18.24,17.38,67611,120770600.0,4.92,1.09,0.19,3.13
2026-02-12,003036,17.9,18.81,19.44,17.7,254151,479237344.0,9.85,6.45,1.14,11.75
2026-02-13,003036,19.06,18.02,19.66,17.86,162507,301344736.0,9.57,-4.2,-0.79,7.51
2026-02-24,003036,18.39,18.19,18.79,18.03,73035,134088848.0,4.22,0.94,0.17,3.38
2026-02-25,003036,18.15,18.28,18.81,18.0,67370,123782048.0,4.45,0.49,0.09,3.12
2026-02-26,003036,18.44,18.48,18.95,18.21,101632,189535888.0,4.05,1.09,0.2,4.7
2026-02-27,003036,18.4,18.9,19.6,18.3,81842,156588256.0,7.03,2.27,0.42,3.78
2026-03-02,003036,18.45,17.5,18.65,17.38,101410,180453648.0,6.72,-7.41,-1.4,4.69
2026-03-03,003036,17.4,16.36,17.49,16.31,68735,115555096.0,6.74,-6.51,-1.14,3.18
2026-03-04,003036,16.19,16.6,16.72,16.07,45960,75471864.0,3.97,1.47,0.24,2.13
2026-03-05,003036,16.93,18.26,18.26,16.93,51251,91666056.0,8.01,10.0,1.66,2.37
2026-03-06,003036,18.0,18.03,18.51,17.64,104371,188772912.0,4.76,-1.26,-0.23,4.83
2026-03-09,003036,18.0,18.14,18.8,17.9,116372,213720048.0,4.99,0.61,0.11,5.38
2026-03-10,003036,19.23,18.65,19.35,18.61,102183,192657808.0,4.08,2.81,0.51,4.72
2026-03-11,003036,18.57,19.62,19.8,18.56,122078,235100704.0,6.65,5.2,0.97,5.64
2026-03-12,003036,19.43,18.86,19.84,18.78,98683,190260208.0,5.4,-3.87,-0.76,4.56
2026-03-13,003036,18.95,18.4,19.13,18.38,77021,144494160.0,3.98,-2.44,-0.46,3.56
2026-03-16,003036,18.4,18.25,18.6,17.9,57652,105062408.0,3.8,-0.82,-0.15,2.67
2026-03-17,003036,18.4,18.31,18.83,18.18,78999,146366944.0,3.56,0.33,0.06,3.65
2026-03-18,003036,18.4,19.65,19.77,18.18,120367,230612816.0,8.68,7.32,1.34,5.57
2026-03-19,003036,19.71,20.45,21.5,19.58,149436,308925248.0,9.77,4.07,0.8,6.91
2026-03-20,003036,20.45,20.3,21.57,20.01,125379,259997328.0,7.63,-0.73,-0.15,5.8
2026-03-23,003036,20.15,20.56,21.88,20.15,145011,305120160.0,8.52,1.28,0.26,6.71
2026-03-24,003036,21.23,22.2,22.4,21.19,163305,355754176.0,5.89,7.98,1.64,7.55
2026-03-25,003036,22.5,23.27,23.74,22.15,188015,432540736.0,7.16,4.82,1.07,8.69
2026-03-26,003036,23.24,24.5,25.0,22.22,206543,498904640.0,11.95,5.29,1.23,9.55
2026-03-27,003036,24.0,24.64,25.18,23.04,176990,431241376.0,8.73,0.57,0.14,8.18
2026-03-30,003036,24.19,27.1,27.1,24.1,184803,478777056.0,12.18,9.98,2.46,8.55
2026-03-31,003036,26.91,27.86,28.88,26.85,211833,590680768.0,7.49,2.8,0.76,9.8
2026-04-01,003036,27.46,26.29,28.22,25.82,212747,566203776.0,8.61,-5.64,-1.57,9.84
2026-04-02,003036,26.03,24.94,26.19,24.7,167539,421965056.0,5.67,-5.14,-1.35,7.75
2026-04-03,003036,25.19,24.18,25.3,23.5,113802,274295616.0,7.22,-3.05,-0.76,5.26
2026-04-07,003036,24.15,24.0,24.56,23.68,78938,190026336.0,3.64,-0.74,-0.18,3.65
2026-04-08,003036,24.31,24.47,24.64,23.55,92520,224925392.0,4.54,1.96,0.47,4.28
2026-04-09,003036,24.0,24.07,24.32,23.5,78767,187947888.0,3.35,-1.63,-0.4,3.64
2026-04-10,003036,24.29,26.48,26.48,24.01,89473,227958160.0,10.26,10.01,2.41,4.14
2026-04-13,003036,26.4,27.75,29.13,25.89,344701,963132224.0,12.24,4.8,1.27,15.94
2026-04-14,003036,28.44,27.0,28.88,26.52,218601,593997120.0,8.5,-2.7,-0.75,10.11
2026-04-15,003036,26.76,29.7,29.7,26.11,136174,388400896.0,13.3,10.0,2.7,6.3
2026-04-16,003036,29.7,28.94,29.7,28.21,209947,606349824.0,5.02,-2.56,-0.76,9.71
2026-04-17,003036,28.36,28.35,28.89,27.52,116082,327906912.0,4.73,-2.04,-0.59,5.37
2026-04-20,003036,28.16,27.7,28.4,27.55,100405,280230464.0,3.0,-2.29,-0.65,4.64
2026-04-21,003036,27.77,27.53,28.35,27.27,125706,349725728.0,3.9,-0.61,-0.17,5.81
2026-04-22,003036,27.24,28.88,29.5,27.06,170945,489060480.0,8.86,4.9,1.35,7.9
2026-04-23,003036,28.4,30.54,31.28,28.4,181364,546302528.0,9.97,5.75,1.66,8.39
2026-04-24,003036,30.46,33.59,33.59,30.0,203250,672782784.0,11.76,9.99,3.05,9.4
2026-04-27,003036,36.28,36.95,36.95,36.28,33930,124540712.0,1.99,10.0,3.36,1.57
2026-04-28,003036,37.1,33.83,38.25,33.55,320717,1143465600.0,12.72,-8.44,-3.12,14.83
2026-04-29,003036,33.93,35.05,35.18,31.99,266122,898033984.0,9.43,3.61,1.22,12.3
2026-04-30,003036,34.3,32.75,35.82,32.08,222067,744683520.0,10.67,-6.56,-2.3,10.27
2026-05-06,003036,33.71,35.4,35.84,33.4,218329,757687616.0,7.45,8.09,2.65,10.09
